Каждый новый пароль срез последовательности арифметической прогрессии, причем первый член равен 1,разность прогрессии равна 4:


1;1591317212529333
2;74145495357616569
3;737781858993971011
4;0510911311712112512
5;91331371411451491531
6;571611651691731771811
7;8518919319720120520921
8;32172212252292332372412
9;452492532572612652692732
10;7728128528929329730130530
11;93133173213253293333373413
12;453493533573613653693733773
13;8138538939339740140540941341
14;74214254294334374414454494534
15;574614654694734774814854894934
16;9750150550951351752152552953353
17;75415455495535575615655695735775
18;815855895935976016056096136176216
19;2562963363764164564965365766166566
20;96736776816856896936977017057097137
21;177217257297337377417457497537577617
22;6576977377778178578979379780180580981
23;38178218258298338378418458498538578618
24;658698738778818858898938979019059099139
25;1792192592993393794194594995395796196596
26;99739779819859899939971001100510091013101
27;710211025102910331037104110451049105310571
28;0611065106910731077108110851089109310971101
29;11051109111311171121112511291133113711411145
30;114911531157116111651169117311771181118511891
31;1931197120112051209121312171221122512291233123
32;71241124512491253125712611265126912731277128112
33;851289129312971301130513091313131713211325132913
34;3313371341134513491353135713611365136913731377138
35;11385138913931397140114051409141314171421142514291
36;433143714411445144914531457146114651469147314771481
37;1485148914931497150115051509151315171521152515291533
38;15371541154515491553155715611565156915731577158115851
39;589159315971601160516091613161716211625162916331637164
40;1164516491653165716611665166916731677168116851689169316
41;97170117051709171317171721172517291733173717411745174917
42;531757176117651769177317771781178517891793179718011805180
43;9181318171821182518291833183718411845184918531857186118651
44;86918731877188118851889189318971901190519091913191719211925
45;192919331937194119451949195319571961196519691973197719811985
46;1989199319972001200520092013201720212025202920332037204120452
47;04920532057206120652069207320772081208520892093209721012105210
48;921132117212121252129213321372141214521492153215721612165216921
49;7321772181218521892193219722012205220922132217222122252229223322
50;37224122452249225322572261226522692273227722812285228922932297230
51;123052309231323172321232523292333233723412345234923532357236123652
52;3692373237723812385238923932397240124052409241324172421242524292433
53;24372441244524492453245724612465246924732477248124852489249324972501
54;250525092513251725212525252925332537254125452549255325572561256525692
55;5732577258125852589259325972601260526092613261726212625262926332637264
56;12645264926532657266126652669267326772681268526892693269727012705270927
57;132717272127252729273327372741274527492753275727612765276927732777278127
58;8527892793279728012805280928132817282128252829283328372841284528492853285
59;72861286528692873287728812885288928932897290129052909291329172921292529292
60;933293729412945294929532957296129652969297329772981298529892993299730013005
61;3009301330173021302530293033303730413045304930533057306130653069307330773081
62;30853089309330973101310531093113311731213125312931333137314131453149315331573
63;161316531693173317731813185318931933197320132053209321332173221322532293233323
64;7324132453249325332573261326532693273327732813285328932933297330133053309331333
65;17332133253329333333373341334533493353335733613365336933733377338133853389339333
66;973401340534093413341734213425342934333437344134453449345334573461346534693473347
67;7348134853489349334973501350535093513351735213525352935333537354135453549355335573
68;56135653569357335773581358535893593359736013605360936133617362136253629363336373641
69;364536493653365736613665366936733677368136853689369336973701370537093713371737213725
70;3729373337373741374537493753375737613765376937733777378137853789379337973801380538093
71;81338173821382538293833383738413845384938533857386138653869387338773881388538893893389
72;739013905390939133917392139253929393339373941394539493953395739613965396939733977398139
73;8539893993399740
74;01400540094013401
75;740214025402940334
76;0374041404540494053
77;40574061406540694073
78;407740814085408940934
79;0974101410541094113411
80;74121412541294133413741
81;414145414941534157416141
82;6541694173417741814185418
83;94193419742014205420942134
84;217422142254229423342374241
85;4245424942534257426142654269
86;42734277428142854289429342974
87;301430543094313431743214325432
88;9433343374341434543494353435743
89;61436543694373437743814385438943
90;934397440144054409441344174421442
91;5442944334437444144454449445344574
92;46144654469447344774481448544894493
93;449745014505450945134517452145254529
94;4533453745414545454945534557456145654
95;56945734577458145854589459345974601460
96;546094613461746214625462946334637464146
97;4546494653465746614665466946734677468146
98;85468946934697470147054709471347174721472
99;547294733473747414745474947534757476147654
100;7694773477747814785478947934797480148054809
101;48134817482148254829483348374841484548494853
102;485748614865486948734877488148854889489348974
103;9014905490949134917492149254929493349374941494
104;54949495349574961496549694973497749814985498949
105;934997500150055009501350175021502550295033503750
106;4150455049505350575061506550695073507750815085508
107;95093509751015105510951135117512151255129513351375
108;141514551495153515751615165516951735177518151855189
109;5193519752015205520952135217522152255229523352375241
110;52455249525352575261526552695273527752815285528952935
111;297530153055309531353175321532553295333533753415345534
112;9535353575361536553695373537753815385538953935397540154
113;05540954135417542154255429543354375441544554495453545754
114;615465546954735477548154855489549354975501550555095513551
115;7552155255529553355375541554555495553555755615565556955735
116;57755815585558955935597560156055609561356175621562556295633
117;563756415645564956535657566156655669567356775681568556895693
118;5697570157055709571357175721572557295733573757415745574957535
119;75757615765576957735777578157855789579357975801580558095813581
120;758215825582958335837584158455849585358575861586558695873587758
121;8158855889589358975901590559095913591759215925592959335937594159
122;45594959535957596159655969597359775981598559895993599760016005600
123;960136017602160256029603360376041604560496053605760616065606960736
124;0776081608560896093609761016105610961136117612161256129613361376141
125;61456149615361576161616561696173617761816185618961936197620162056209
126;621362176221622562296233623762416245624962536257626162656269627362776
127;2816285628962936297630163056309631363176321632563296333633763416345634
128;96353635763616365636963736377638163856389639363976401640564096413641764
129;216425642964336437644164456449645364576461646564696473647764816485648964
130;9364976501650565096513651765216525652965336537654165456549655365576561656
131;56569657365776581658565896593659766016605660966136617662166256629663366376
132;641664566496653665766616665666966736677668166856689669366976701670567096713
133;6717672167256729673367376741674567496753675767616765676967736777678167856789
134;67936797680168056809681368176821682568296833683768416845684968536857686168656
135;869687368776881688568896893689769016905690969136917692169256929693369376941694
136;5694969536957696169656969697369776981698569896993699770017005700970137017702170
137;25702970337037704170457049705370577061706570697073707770817085708970937097710171
138;057109711371177121712571297133713771417145714971537157716171657169717371777181718
139;5718971937197720172057209721372177221722572297233723772417245724972537257726172657
140;26972737277728172857289729372977301730573097313731773217325732973337337734173457349
141;735373577361736573697373737773817385738973937397740174057409741374177421742574297433
142;7437744174457449745374577461746574697473747774817485748974937497750175057509751375177
143;52175257529753375377541754575497553755775617565756975737577758175857589759375977601760
144;576097613761776217625762976337637764176457649765376577661766576697673767776817685768976
145;9376977701770577
146;09771377177721772
147;577297733773777417
148;7457749775377577761
149;77657769777377777781
150;778577897793779778017
151;8057809781378177821782
152;57829783378377841784578
153;497853785778617865786978
154;7378777881788578897893789
155;77901790579097913791779217
156;925792979337937794179457949
157;7953795779617965796979737977
158;79817985798979937997800180058
159;009801380178021802580298033803
160;7804180458049805380578061806580
161;69807380778081808580898093809781
162;018105810981138117812181258129813
163;3813781418145814981538157816181658
164;16981738177818181858189819381978201
165;820582098213821782218225822982338237
166;8241824582498253825782618265826982738
167;27782818285828982938297830183058309831
168;383178321832583298333833783418345834983
169;5383578361836583698373837783818385838983
170;93839784018405840984138417842184258429843
171;384378441844584498453845784618465846984738
172;4778481848584898493849785018505850985138517
173;85218525852985338537854185458549855385578561
174;856585698573857785818585858985938597860186058
175;6098613861786218625862986338637864186458649865
176;38657866186658669867386778681868586898693869787
177;018705870987138717872187258729873387378741874587
178;4987538757876187658769877387778781878587898793879
179;78801880588098813881788218825882988338837884188458
180;849885388578861886588698873887788818885888988938897
181;8901890589098913891789218925892989338937894189458949
182;89538957896189658969897389778981898589898993899790019
183;005900990139017902190259029903390379041904590499053905
184;7906190659069907390779081908590899093909791019105910991
185;13911791219125912991339137914191459149915391579161916591
186;699173917791819185918991939197920192059209921392179221922
187;5922992339237924192459249925392579261926592699273927792819
188;28592899293929793019305930993139317932193259329933393379341
189;934593499353935793619365936993739377938193859389939393979401
190;9405940994139417942194259429943394379441944594499453945794619
191;46594699473947794819485948994939497950195059509951395179521952
192;595299533953795419545954995539557956195659569957395779581958595
193;8995939597960196059609961396179621962596299633963796419645964996
194;53965796619665966996739677968196859689969396979701970597099713971
195;797219725972997339737974197459749975397579761976597699773977797819
196;7859789979397979801980598099813981798219825982998339837984198459849
197;98539857986198659869987398779881988598899893989799019905990999139917
198;992199259929993399379941994599499953995799619965996999739977998199859
199;9899993999710001100051000910013100171002110025100291003310037100411004
200;51004910053100571006110065100691007310077100811008510089100931009710101
201;101051010910113101171012110125101291013310137101411014510149101531015710
202;1611016510169101731017710181101851018910193101971020110205102091021310217
203;10221102251022910233102371024110245102491025310257102611026510269102731027
204;710281102851028910293102971030110305103091031310317103211032510329103331033
205;7103411034510349103531035710361103651036910373103771038110385103891039310397
206;10401104051040910413104171042110425104291043310437104411044510449104531045710
207;461104651046910473104771048110485104891049310497105011050510509105131051710521
208;1052510529105331053710541105451054910553105571056110565105691057310577105811058
209;51058910593105971060110605106091061310617106211062510629106331063710641106451064
210;910653106571066110665106691067310677106811068510689106931069710701107051070910713
211;1071710721107251072910733107371074110745107491075310757107611076510769107731077710
212;78110785107891079310797108011080510809108131081710821108251082910833108371084110845
213;108491085310857108611086510869108731087710881108851088910893108971090110905109091091
214;3109171092110925109291093310937109411094510949109531095710961109651096910973109771098
215;11098510989109931099711001110051100911013110171102111025110291103311037110411104511049
216;110531105711061110651106911073110771108111085110891109311097111011110511109111131111711
217;1211112511129111
218;33111371114111145
219;111491115311157111
220;6111165111691117311
221;17711181111851118911
222;193111971120111205112
223;0911213112171122111225
224;11229112331123711241112
225;451124911253112571126111
226;2651126911273112771128111
227;28511289112931129711301113
228;051130911313113171132111325
229;1132911333113371134111345113
230;49113531135711361113651136911
231;373113771138111385113891139311
232;3971140111405114091141311417114
233;21114251142911433114371144111445
234;114491145311457114611146511469114
235;7311477114811148511489114931149711
236;50111505115091151311517115211152511
237;529115331153711541115451154911553115
238;5711561115651156911573115771158111585
239;11589115931159711601116051160911613116
240;171162111625116291163311637116411164511
241;6491165311657116611166511669116731167711
242;68111685116891169311697117011170511709117
243;131171711721117251172911733117371174111745
244;1174911753117571176111765117691177311777117
245;81117851178911793117971180111805118091181311
246;817118211182511829118331183711841118451184911
247;8531185711861118651186911873118771188111885118
248;89118931189711901119051190911913119171192111925
249;119291193311937119411194511949119531195711961119
250;6511969119731197711981119851198911993119971200112
251;00512009120131201712021120251202912033120371204112
252;045120491205312057120611206512069120731207712081120
253;8512089120931209712101121051210912113121171212112125
254;12129121331213712141121451214912153121571216112165121
255;691217312177121811218512189121931219712201122051220912
256;2131221712221122251222912233122371224112245122491225312
257;25712261122651226912273122771228112285122891229312297123
258;011230512309123131231712321123251232912333123371234112345
259;1234912353123571236112365123691237312377123811238512389123
260;93123971240112405124091241312417124211242512429124331243712
261;441124451244912453124571246112465124691247312477124811248512
262;4891249312497125011250512509125131251712521125251252912533125
263;37125411254512549125531255712561125651256912573125771258112585
264;125891259312597126011260512609126131261712621126251262912633126
265;3712641126451264912653126571266112665126691267312677126811268512
266;68912693126971270112705127091271312717127211272512729127331273712
267;741127451274912753127571276112765127691277312777127811278512789127
268;9312797128011280512809128131281712821128251282912833128371284112845
269;12849128531285712861128651286912873128771288112885128891289312897129
270;011290512909129131291712921129251292912933129371294112945129491295312
271;9571296112965129691297312977129811298512989129931299713001130051300913
272;01313017130211302513029130331303713041130451304913053130571306113065130
273;691307313077130811308513089130931309713101131051310913113131171312113125
274;1312913133131371314113145131491315313157131611316513169131731317713181131
275;85131891319313197132011320513209132131321713221132251322913233132371324113
276;245132491325313257132611326513269132731327713281132851328913293132971330113
277;3051330913313133171332113325133291333313337133411334513349133531335713361133
278;65133691337313377133811338513389133931339713401134051340913413134171342113425
279;134291343313437134411344513449134531345713461134651346913473134771348113485134
280;8913493134971350113505135091351313517135211352513529135331353713541135451354913
281;55313557135611356513569135731357713581135851358913593135971360113605136091361313
282;617136211362513629136331363713641136451364913653136571366113665136691367313677136
283;8113685136891369313697137011370513709137131371713721137251372913733137371374113745
284;13749137531375713761137651376913773137771378113785137891379313797138011380513809138
285;131381713821138251382913833138371384113845138491385313857138611386513869138731387713
286;8811388513889138931389713901139051390913913139171392113925139291393313937139411394513
287;94913953139571396113965139691397313977139811398513989139931399714001140051400914013140
288;171402114025140291403314037140411404514049140531405714061140651406914073140771408114085
289;1408914093140971
290;41011410514109141
291;131411714121141251
292;4129141331413714141
293;14145141491415314157
294;141611416514169141731
295;4177141811418514189141
296;93141971420114205142091
297;421314217142211422514229
298;1423314237142411424514249
299;14253142571426114265142691
300;427314277142811428514289142
301;9314297143011430514309143131
302;43171432114325143291433314337
303;143411434514349143531435714361
304;1436514369143731437714381143851
305;43891439314397144011440514409144
306;131441714421144251442914433144371
307;4441144451444914453144571446114465
308;14469144731447714481144851448914493
309;144971450114505145091451314517145211
310;4525145291453314537145411454514549145
311;53145571456114565145691457314577145811
312;458514589145931459714601146051460914613
313;1461714621146251462914633146371464114645
314;14649146531465714661146651466914673146771
315;468114685146891469314697147011470514709147
316;1314717147211472514729147331473714741147451
317;47491475314757147611476514769147731477714781
318;147851478914793147971480114805148091481314817
319;1482114825148291483314837148411484514849148531
320;48571486114865148691487314877148811488514889148
321;931489714901149051490914913149171492114925149291
322;4933149371494114945149491495314957149611496514969
323;14973149771498114985149891499314997150011500515009
324;150131501715021150251502915033150371504115045150491
325;5053150571506115065150691507315077150811508515089150
326;93150971510115105151091511315117151211512515129151331
327;513715141151451514915153151571516115165151691517315177
328;1518115185151891519315197152011520515209152131521715221
329;15225152291523315237152411524515249152531525715261152651
330;526915273152771528115285152891529315297153011530515309153
331;1315317153211532515329153331533715341153451534915353153571
332;53611536515369153731537715381153851538915393153971540115405
333;154091541315417154211542515429154331543715441154451544915453
334;1545715461154651546915473154771548115485154891549315497155011
335;55051550915513155171552115525155291553315537155411554515549155
336;531555715561155651556915573155771558115585155891559315597156011
337;5605156091561315617156211562515629156331563715641156451564915653
338;15657156611566515669156731567715681156851568915693156971570115705
339;157091571315717157211572515729157331573715741157451574915753157571
340;5761157651576915773157771578115785157891579315797158011580515809158
341;13158171582115825158291583315837158411584515849158531585715861158651
342;586915873158771588115885158891589315897159011590515909159131591715921
343;1592515929159331593715941159451594915953159571596115965159691597315977
344;15981159851598915993159971600116005160091601316017160211602516029160331
345;603716041160451604916053160571606116065160691607316077160811608516089160
346;9316097161011610516109161131611716121161251612916133161371614116145161491
347;61531615716161161651616916173161771618116185161891619316197162011620516209
348;162131621716221162251622916233162371624116245162491625316257162611626516269
349;1627316277162811628516289162931629716301163051630916313163171632116325163291
350;63331633716341163451634916353163571636116365163691637316377163811638516389163
351;931639716401164051640916413164171642116425164291643316437164411644516449164531
352;6457164611646516469164731647716481164851648916493164971650116505165091651316517
353;16521165251652916533165371654116545165491655316557165611656516569165731657716581
354;165851658916593165971660116605166091661316617166211662516629166331663716641166451
355;6649166531665716661166651666916673166771668116685166891669316697167011670516709167
356;13167171672116725167291673316737167411674516749167531675716761167651676916773167771
357;678116785167891679316797168011680516809168131681716821168251682916833168371684116845
358;1684916853168571686116865168691687316877168811688516889168931689716901169051690916913
359;16917169211692516929169331693716941169451694916953169571696116965169691697316977169811
360;698516989169931699717001170051700917013170171702117025170291703317037170411704517049170
361;5317057170611706
362;51706917073170771
363;708117085170891709
364;3170971710117105171
365;09171131711717121171
366;251712917133171371714
367;1171451714917153171571
368;71611716517169171731717
369;717181171851718917193171
370;9717201172051720917213172
371;17172211722517229172331723
372;717241172451724917253172571
373;7261172651726917273172771728
374;11728517289172931729717301173
375;051730917313173171732117325173
376;2917333173371734117345173491735
377;31735717361173651736917373173771
378;738117385173891739317397174011740
379;5174091741317417174211742517429174
380;33174371744117445174491745317457174
381;611746517469174731747717481174851748
382;9174931749717501175051750917513175171
383;75211752517529175331753717541175451754
384;917553175571756117565175691757317577175
385;8117585175891759317597176011760517609176
386;13176171762117625176291763317637176411764
387;517649176531765717661176651766917673176771
388;7681176851768917693176971770117705177091771
389;31771717721177251772917733177371774117745177
390;491775317757177611776517769177731777717781177
391;8517789177931779717801178051780917813178171782
392;11782517829178331783717841178451784917853178571
393;786117865178691787317877178811788517889178931789
394;7179011790517909179131791717921179251792917933179
395;37179411794517949179531795717961179651796917973179
396;771798117985179891799317997180011800518009180131801
397;7180211802518029180331803718041180451804918053180571
398;80611806518069180731807718081180851808918093180971810
399;118105181091811318117181211812518129181331813718141181
400;4518149181531815718161181651816918173181771818118185181
401;89181931819718201182051820918213182171822118225182291823
402;318237182411824518249182531825718261182651826918273182771
403;8281182851828918293182971830118305183091831318317183211832
404;51832918333183371834118345183491835318357183611836518369183
405;731837718381183851838918393183971840118405184091841318417184
406;2118425184291843318437184411844518449184531845718461184651846
407;91847318477184811848518489184931849718501185051850918513185171
408;852118525185291853318537185411854518549185531855718561185651856
409;9185731857718581185851858918593185971860118605186091861318617186
410;21186251862918633186371864118645186491865318657186611866518669186
411;731867718681186851868918693186971870118705187091871318717187211872
412;5187291873318737187411874518749187531875718761187651876918773187771
413;87811878518789187931879718801188051880918813188171882118825188291883
414;318837188411884518849188531885718861188651886918873188771888118885188
415;8918893188971890118905189091891318917189211892518929189331893718941189
416;45189491895318957189611896518969189731897718981189851898918993189971900
417;119005190091901319017190211902519029190331903719041190451904919053190571
418;9061190651906919073190771908119085190891909319097191011910519109191131911
419;71912119125191291913319137191411914519149191531915719161191651916919173191
420;771918119185191891919319197192011920519209192131921719221192251922919233192
421;3719241192451924919253192571926119265192691927319277192811928519289192931929
422;71930119305193091931319317193211932519329193331933719341193451934919353193571
423;936119365193691937319377193811938519389193931939719401194051940919413194171942
424;1194251942919433194371944119445194491945319457194611946519469194731947719481194
425;85194891949319497195011950519509195131951719521195251952919533195371954119545195
426;491955319557195611956519569195731957719581195851958919593195971960119605196091961
427;3196171962119625196291963319637196411964519649196531965719661196651966919673196771
428;96811968519689196931969719701197051970919713197171972119725197291973319737197411974
429;519749197531975719761197651976919773197771978119785197891979319797198011980519809198
430;1319817198211982519829198331983719841198451984919853198571986119865198691987319877198
431;81198851988919893198971990119905199091991319917199211992519929199331993719941199451994
432;919953199571996119965199691997319977199811998519989199931999720001200052000920013200172
433;0021200252002920
434;03320037200412004
435;520049200532005720
436;0612006520069200732
437;00772008120085200892
438;009320097201012010520
439;1092011320117201212012
440;52012920133201372014120
441;145201492015320157201612
442;0165201692017320177201812
443;01852018920193201972020120
444;205202092021320217202212022
445;5202292023320237202412024520
446;24920253202572026120265202692
447;027320277202812028520289202932
448;0297203012030520309203132031720
449;32120325203292033320337203412034
450;520349203532035720361203652036920
451;3732037720381203852038920393203972
452;04012040520409204132041720421204252
453;042920433204372044120445204492045320
454;4572046120465204692047320477204812048
455;52048920493204972050120505205092051320
456;517205212052520529205332053720541205452
457;0549205532055720561205652056920573205772
458;05812058520589205932059720601206052060920
459;613206172062120625206292063320637206412064
460;5206492065320657206612066520669206732067720
461;68120685206892069320697207012070520709207132
462;071720721207252072920733207372074120745207492
463;0753207572076120765207692077320777207812078520
464;78920793207972080120805208092081320817208212082
465;520829208332083720841208452084920853208572086120
466;8652086920873208772088120885208892089320897209012
467;09052090920913209172092120925209292093320937209412
468;094520949209532095720961209652096920973209772098120
469;9852098920993209972100121005210092101321017210212102
470;52102921033210372104121045210492105321057210612106521
471;069210732107721081210852108921093210972110121105211092
472;1113211172112121125211292113321137211412114521149211532
473;11572116121165211692117321177211812118521189211932119721
474;201212052120921213212172122121225212292123321237212412124
475;5212492125321257212612126521269212732127721281212852128921
476;29321297213012130521309213132131721321213252132921333213372
477;134121345213492135321357213612136521369213732137721381213852
478;1389213932139721401214052140921413214172142121425214292143321
479;43721441214452144921453214572146121465214692147321477214812148
480;521489214932149721501215052150921513215172152121525215292153321
481;5372154121545215492155321557215612156521569215732157721581215852
482;15892159321597216012160521609216132161721621216252162921633216372
483;164121645216492165321657216612166521669216732167721681216852168921
484;6932169721701217052170921713217172172121725217292173321737217412174
485;52174921753217572176121765217692177321777217812178521789217932179721
486;801218052180921813218172182121825218292183321837218412184521849218532
487;1857218612186521869218732187721881218852188921893218972190121905219092
488;19132191721921219252192921933219372194121945219492195321957219612196521
489;969219732197721981219852198921993219972200122005220092201322017220212202
490;5220292203322037220412204522049220532205722061220652206922073220772208122
491;08522089220932209722101221052210922113221172212122125221292213322137221412
492;214522149221532215722161221652216922173221772218122185221892219322197222012
493;2205222092221322217222212222522229222332223722241222452224922253222572226122
494;26522269222732227722281222852228922293222972230122305223092231322317223212232
495;522329223332233722341223452234922353223572236122365223692237322377223812238522
496;3892239322397224012240522409224132241722421224252242922433224372244122445224492
497;24532245722461224652246922473224772248122485224892249322497225012250522509225132
498;251722521225252252922533225372254122545225492255322557225612256522569225732257722
499;5812258522589225932259722601226052260922613226172262122625226292263322637226412264
500;52264922653226572266122665226692267322677226812268522689226932269722701227052270922
501;713227172272122725227292273322737227412274522749227532275722761227652276922773227772
502;2781227852278922793227972280122805228092281322817228212282522829228332283722841228452
503;28492285322857228612286522869228732287722881228852288922893228972290122905229092291322
504;917229212292522929229332293722941229452294922953229572296122965229692297322977229812298
505;5229892299322997
506;23001230052300923
507;013230172302123025
508;2302923033230372304
509;12304523049230532305
510;723061230652306923073
511;2307723081230852308923
512;09323097231012310523109
513;231132311723121231252312
514;9231332313723141231452314
515;92315323157231612316523169
516;231732317723181231852318923
517;1932319723201232052320923213
518;23217232212322523229232332323
519;723241232452324923253232572326
520;1232652326923273232772328123285
521;23289232932329723301233052330923
522;313233172332123325233292333323337
523;2334123345233492335323357233612336
524;52336923373233772338123385233892339
525;323397234012340523409234132341723421
526;2342523429234332343723441234452344923
527;45323457234612346523469234732347723481
528;234852348923493234972350123505235092351
529;3235172352123525235292353323537235412354
530;52354923553235572356123565235692357323577
531;235812358523589235932359723601236052360923
532;6132361723621236252362923633236372364123645
533;23649236532365723661236652366923673236772368
534;123685236892369323697237012370523709237132371
535;7237212372523729237332373723741237452374923753
536;23757237612376523769237732377723781237852378923
537;793237972380123805238092381323817238212382523829
538;2383323837238412384523849238532385723861238652386
539;92387323877238812388523889238932389723901239052390
540;923913239172392123925239292393323937239412394523949
541;2395323957239612396523969239732397723981239852398923
542;99323997240012400524009240132401724021240252402924033
543;240372404124045240492405324057240612406524069240732407
544;7240812408524089240932409724101241052410924113241172412
545;12412524129241332413724141241452414924153241572416124165
546;241692417324177241812418524189241932419724201242052420924
547;2132421724221242252422924233242372424124245242492425324257
548;24261242652426924273242772428124285242892429324297243012430
549;524309243132431724321243252432924333243372434124345243492435
550;3243572436124365243692437324377243812438524389243932439724401
551;24405244092441324417244212442524429244332443724441244452444924
552;453244572446124465244692447324477244812448524489244932449724501
553;2450524509245132451724521245252452924533245372454124545245492455
554;32455724561245652456924573245772458124585245892459324597246012460
555;524609246132461724621246252462924633246372464124645246492465324657
556;2466124665246692467324677246812468524689246932469724701247052470924
557;71324717247212472524729247332473724741247452474924753247572476124765
558;247692477324777247812478524789247932479724801248052480924813248172482
559;1248252482924833248372484124845248492485324857248612486524869248732487
560;72488124885248892489324897249012490524909249132491724921249252492924933
561;249372494124945249492495324957249612496524969249732497724981249852498924
562;9932499725001250052500925013250172502125025250292503325037250412504525049
563;25053250572506125065250692507325077250812508525089250932509725101251052510
564;925113251172512125125251292513325137251412514525149251532515725161251652516
565;9251732517725181251852518925193251972520125205252092521325217252212522525229
566;25233252372524125245252492525325257252612526525269252732527725281252852528925
567;293252972530125305253092531325317253212532525329253332533725341253452534925353
568;2535725361253652536925373253772538125385253892539325397254012540525409254132541
569;72542125425254292543325437254412544525449254532545725461254652546925473254772548
570;125485254892549325497255012550525509255132551725521255252552925533255372554125545
571;2554925553255572556125565255692557325577255812558525589255932559725601256052560925
572;61325617256212562525629256332563725641256452564925653256572566125665256692567325677
573;256812568525689256932569725701257052570925713257172572125725257292573325737257412574
574;5257492575325757257612576525769257732577725781257852578925793257972580125805258092581
575;32581725821258252582925833258372584125845258492585325857258612586525869258732587725881
576;258852588925893258972590125905259092591325917259212592525929259332593725941259452594925
577;9532595725961259
578;65259692597325977
579;259812598525989259
580;9325997260012600526
581;00926013260172602126
582;025260292603326037260
583;4126045260492605326057
584;26061260652606926073260
585;772608126085260892609326
586;0972610126105261092611326
587;11726121261252612926133261
588;372614126145261492615326157
589;2616126165261692617326177261
590;81261852618926193261972620126
591;205262092621326217262212622526
592;2292623326237262412624526249262
593;53262572626126265262692627326277
594;262812628526289262932629726301263
595;0526309263132631726321263252632926
596;33326337263412634526349263532635726
597;361263652636926373263772638126385263
598;8926393263972640126405264092641326417
599;26421264252642926433264372644126445264
600;492645326457264612646526469264732647726
601;4812648526489264932649726501265052650926
602;51326517265212652526529265332653726541265
603;452654926553265572656126565265692657326577
604;2658126585265892659326597266012660526609266
605;13266172662126625266292663326637266412664526
606;649266532665726661266652666926673266772668126
607;6852668926693266972670126705267092671326717267
608;21267252672926733267372674126745267492675326757
609;267612676526769267732677726781267852678926793267
610;9726801268052680926813268172682126825268292683326
611;83726841268452684926853268572686126865268692687326
612;877268812688526889268932689726901269052690926913269
613;1726921269252692926933269372694126945269492695326957
614;26961269652696926973269772698126985269892699326997270
615;012700527009270132701727021270252702927033270372704127
616;0452704927053270572706127065270692707327077270812708527
617;08927093270972710127105271092711327117271212712527129271
618;332713727141271452714927153271572716127165271692717327177
619;2718127185271892719327197272012720527209272132721727221272
620;25272292723327237272412724527249272532725727261272652726927
621;273272772728127285272892729327297273012730527309273132731727
622;3212732527329273332733727341273452734927353273572736127365273
623;69273732737727381273852738927393273972740127405274092741327417
624;274212742527429274332743727441274452744927453274572746127465274
625;6927473274772748127485274892749327497275012750527509275132751727
626;52127525275292753327537275412754527549275532755727561275652756927
627;573275772758127585275892759327597276012760527609276132761727621276
628;2527629276332763727641276452764927653276572766127665276692767327677
629;27681276852768927693276972770127705277092771327717277212772527729277
630;332773727741277452774927753277572776127765277692777327777277812778527
631;7892779327797278012780527809278132781727821278252782927833278372784127
632;84527849278532785727861278652786927873278772788127885278892789327897279
633;012790527909279132791727921279252792927933279372794127945279492795327957
634;2796127965279692797327977279812798527989279932799728001280052800928013280
635;17280212802528029280332803728041280452804928053280572806128065280692807328
636;077280812808528089280932809728101281052810928113281172812128125281292813328
637;1372814128145281492815328157281612816528169281732817728181281852818928193281
638;97282012820528209282132821728221282252822928233282372824128245282492825328257
639;282612826528269282732827728281282852828928293282972830128305283092831328317283
640;2128325283292833328337283412834528349283532835728361283652836928373283772838128
641;38528389283932839728401284052840928413284172842128425284292843328437284412844528
642;449284532845728461284652846928473284772848128485284892849328497285012850528509285
643;1328517285212852528529285332853728541285452854928553285572856128565285692857328577
644;28581285852858928593285972860128605286092861328617286212862528629286332863728641286
645;452864928653286572866128665286692867328677286812868528689286932869728701287052870928
646;7132871728721287252872928733287372874128745287492875328757287612876528769287732877728
647;78128785287892879328797288012880528809288132881728821288252882928833288372884128845288
648;492885328857288612886528869288732887728881288852888928893288972890128905289092891328917
649;2892128925289292
650;89332893728941289
651;452894928953289572
652;8961289652896928973
653;28977289812898528989
654;289932899729001290052
655;9009290132901729021290
656;25290292903329037290412
657;904529049290532905729061
658;2906529069290732907729081
659;29085290892909329097291012
660;910529109291132911729121291
661;2529129291332913729141291452
662;91492915329157291612916529169
663;291732917729181291852918929193
664;2919729201292052920929213292172
665;92212922529229292332923729241292
666;452924929253292572926129265292692
667;9273292772928129285292892929329297
668;29301293052930929313293172932129325
669;293292933329337293412934529349293532
670;9357293612936529369293732937729381293
671;85293892939329397294012940529409294132
672;941729421294252942929433294372944129445
673;2944929453294572946129465294692947329477
674;29481294852948929493294972950129505295092
675;951329517295212952529529295332953729541295
676;4529549295532955729561295652956929573295772
677;95812958529589295932959729601296052960929613
678;296172962129625296292963329637296412964529649
679;2965329657296612966529669296732967729681296852
680;96892969329697297012970529709297132971729721297
681;252972929733297372974129745297492975329757297612
682;9765297692977329777297812978529789297932979729801
683;29805298092981329817298212982529829298332983729841
684;298452984929853298572986129865298692987329877298812
685;9885298892989329897299012990529909299132991729921299
686;25299292993329937299412994529949299532995729961299652
687;996929973299772998129985299892999329997300013000530009
688;3001330017300213002530029300333003730041300453004930053
689;30057300613006530069300733007730081300853008930093300973
690;010130105301093011330117301213012530129301333013730141301
691;4530149301533015730161301653016930173301773018130185301893
692;01933019730201302053020930213302173022130225302293023330237
693;302413024530249302533025730261302653026930273302773028130285
694;3028930293302973030130305303093031330317303213032530329303333
695;03373034130345303493035330357303613036530369303733037730381303
696;853038930393303973040130405304093041330417304213042530429304333
697;0437304413044530449304533045730461304653046930473304773048130485
698;30489304933049730501305053050930513305173052130525305293053330537
699;305413054530549305533055730561305653056930573305773058130585305893
700;0593305973060130605306093061330617306213062530629306333063730641306
701;45306493065330657306613066530669306733067730681306853068930693306973
702;070130705307093071330717307213072530729307333073730741307453074930753
703;3075730761307653076930773307773078130785307893079330797308013080530809
704;30813308173082130825308293083330837308413084530849308533085730861308653
705;086930873308773088130885308893089330897309013090530909309133091730921309
706;2530929309333093730941309453094930953309573096130965309693097330977309813
707;09853098930993309973100131005310093101331017310213102531029310333103731041
708;310453104931053310573106131065310693107331077310813108531089310933109731101
709;3110531109311133111731121311253112931133311373114131145311493115331157311613
710;11653116931173311773118131185311893119331197312013120531209312133121731221312
711;253122931233312373124131245312493125331257312613126531269312733127731281312853
712;1289312933129731301313053130931313313173132131325313293133331337313413134531349
713;31353313573136131365313693137331377313813138531389313933139731401314053140931413
714;314173142131425314293143331437314413144531449314533145731461314653146931473314773
715;1481314853148931493314973150131505315093151331517315213152531529315333153731541315
716;45315493155331557315613156531569315733157731581315853158931593315973160131605316093
717;161331617316213162531629316333163731641316453164931653316573166131665316693167331677
718;3168131685316893169331697317013170531709317133171731721317253172931733317373174131745
719;31749317533175731761317653176931773317773178131785317893179331797318013180531809318133
720;181731821318253182931833318373184131845318493185331857318613186531869318733187731881318
721;8531889318933189
722;73190131905319093
723;191331917319213192
724;5319293193331937319
725;41319453194931953319
726;573196131965319693197
727;3319773198131985319893
728;19933199732001320053200
729;932013320173202132025320
730;2932033320373204132045320
731;49320533205732061320653206
732;932073320773208132085320893
733;2093320973210132105321093211
734;33211732121321253212932133321
735;373214132145321493215332157321
736;6132165321693217332177321813218
737;53218932193321973220132205322093
738;221332217322213222532229322333223
739;7322413224532249322533225732261322
740;65322693227332277322813228532289322
741;933229732301323053230932313323173232
742;1323253232932333323373234132345323493
743;23533235732361323653236932373323773238
744;132385323893239332397324013240532409324
745;1332417324213242532429324333243732441324
746;45324493245332457324613246532469324733247
747;732481324853248932493324973250132505325093
748;2513325173252132525325293253332537325413254
749;53254932553325573256132565325693257332577325
750;813258532589325933259732601326053260932613326
751;1732621326253262932633326373264132645326493265
752;33265732661326653266932673326773268132685326893
753;269332697327013270532709327133271732721327253272
754;9327333273732741327453274932753327573276132765327
755;69327733277732781327853278932793327973280132805328
756;093281332817328213282532829328333283732841328453284
757;9328533285732861328653286932873328773288132885328893
758;28933289732901329053290932913329173292132925329293293
759;332937329413294532949329533295732961329653296932973329
760;7732981329853298932993329973300133005330093301333017330
761;21330253302933033330373304133045330493305333057330613306
762;533069330733307733081330853308933093330973310133105331093
763;3113331173312133125331293313333137331413314533149331533315
764;73316133165331693317333177331813318533189331933319733201332
765;053320933213332173322133225332293323333237332413324533249332
766;5333257332613326533269332733327733281332853328933293332973330
767;13330533309333133331733321333253332933333333373334133345333493
768;335333357333613336533369333733337733381333853338933393333973340
769;1334053340933413334173342133425334293343333437334413344533449334
770;53334573346133465334693347333477334813348533489334933349733501335
771;053350933513335173352133525335293353333537335413354533549335533355
772;7335613356533569335733357733581335853358933593335973360133605336093
773;36133361733621336253362933633336373364133645336493365333657336613366
774;533669336733367733681336853368933693336973370133705337093371333717337
775;2133725337293373333737337413374533749337533375733761337653376933773337
776;77337813378533789337933379733801338053380933813338173382133825338293383
777;333837338413384533849338533385733861338653386933873338773388133885338893
778;3893338973390133905339093391333917339213392533929339333393733941339453394
779;93395333957339613396533969339733397733981339853398933993339973400134005340
780;093401334017340213402534029340333403734041340453404934053340573406134065340
781;6934073340773408134085340893409334097341013410534109341133411734121341253412
782;93413334137341413414534149341533415734161341653416934173341773418134185341893
783;419334197342013420534209342133421734221342253422934233342373424134245342493425
784;3342573426134265342693427334277342813428534289342933429734301343053430934313343
785;17343213432534329343333433734341343453434934353343573436134365343693437334377343
786;813438534389343933439734401344053440934413344173442134425344293443334437344413444
787;5344493445334457344613446534469344733447734481344853448934493344973450134505345093
788;45133451734521345253452934533345373454134545345493455334557345613456534569345733457
789;734581345853458934593345973460134605346093461334617346213462534629346333463734641346
790;4534649346533465734661346653466934673346773468134685346893469334697347013470534709347
791;13347173472134725347293473334737347413474534749347533475734761347653476934773347773478
792;134785347893479334797348013480534809348133481734821348253482934833348373484134845348493
793;4853348573486134
794;86534869348733487
795;734881348853488934
796;8933489734901349053
797;49093491334917349213
798;492534929349333493734
799;9413494534949349533495
800;73496134965349693497334
801;977349813498534989349933
802;4997350013500535009350133
803;50173502135025350293503335
804;037350413504535049350533505
805;7350613506535069350733507735
806;08135085350893509335097351013
807;510535109351133511735121351253
808;5129351333513735141351453514935
809;15335157351613516535169351733517
810;735181351853518935193351973520135
811;2053520935213352173522135225352293
812;52333523735241352453524935253352573
813;526135265352693527335277352813528535
814;2893529335297353013530535309353133531
815;73532135325353293533335337353413534535
816;349353533535735361353653536935373353773
817;5381353853538935393353973540135405354093
818;54133541735421354253542935433354373544135
819;445354493545335457354613546535469354733547
820;7354813548535489354933549735501355053550935
821;51335517355213552535529355333553735541355453
822;554935553355573556135565355693557335577355813
823;5585355893559335597356013560535609356133561735
824;62135625356293563335637356413564535649356533565
825;735661356653566935673356773568135685356893569335
826;6973570135705357093571335717357213572535729357333
827;57373574135745357493575335757357613576535769357733
828;577735781357853578935793357973580135805358093581335
829;8173582135825358293583335837358413584535849358533585
830;73586135865358693587335877358813588535889358933589735
831;901359053590935913359173592135925359293593335937359413
832;5945359493595335957359613596535969359733597735981359853
833;59893599335997360013600536009360133601736021360253602936
834;033360373604136045360493605336057360613606536069360733607
835;7360813608536089360933609736101361053610936113361173612136
836;12536129361333613736141361453614936153361573616136165361693
837;617336177361813618536189361933619736201362053620936213362173
838;6221362253622936233362373624136245362493625336257362613626536
839;26936273362773628136285362893629336297363013630536309363133631
840;736321363253632936333363373634136345363493635336357363613636536
841;3693637336377363813638536389363933639736401364053640936413364173
842;64213642536429364333643736441364453644936453364573646136465364693
843;647336477364813648536489364933649736501365053650936513365173652136
844;5253652936533365373654136545365493655336557365613656536569365733657
845;73658136585365893659336597366013660536609366133661736621366253662936
846;633366373664136645366493665336657366613666536669366733667736681366853
847;6689366933669736701367053670936713367173672136725367293673336737367413
848;67453674936753367573676136765367693677336777367813678536789367933679736
849;801368053680936813368173682136825368293683336837368413684536849368533685
850;7368613686536869368733687736881368853688936893368973690136905369093691336
851;91736921369253692936933369373694136945369493695336957369613696536969369733
852;697736981369853698936993369973700137005370093701337017370213702537029370333
853;7037370413704537049370533705737061370653706937073370773708137085370893709337
854;09737101371053710937113371173712137125371293713337137371413714537149371533715
855;737161371653716937173371773718137185371893719337197372013720537209372133721737
856;2213722537229372333723737241372453724937253372573726137265372693727337277372813
857;72853728937293372973730137305373093731337317373213732537329373333733737341373453
858;734937353373573736137365373693737337377373813738537389373933739737401374053740937
859;4133741737421374253742937433374373744137445374493745337457374613746537469374733747
860;73748137485374893749337497375013750537509375133751737521375253752937533375373754137
861;545375493755337557375613756537569375733757737581375853758937593375973760137605376093
862;7613376173762137625376293763337637376413764537649376533765737661376653766937673376773
863;76813768537689376933769737701377053770937713377173772137725377293773337737377413774537
864;749377533775737761377653776937773377773778137785377893779337797378013780537809378133781
865;7378213782537829
866;37833378373784137
867;845378493785337857
868;3786137865378693787
869;33787737881378853788
870;937893378973790137905
871;3790937913379173792137
872;92537929379333793737941
873;379453794937953379573796
874;1379653796937973379773798
875;13798537989379933799738001
876;380053800938013380173802138
877;0253802938033380373804138045
878;38049380533805738061380653806
879;938073380773808138085380893809
880;3380973810138105381093811338117
881;38121381253812938133381373814138
882;145381493815338157381613816538169
883;3817338177381813818538189381933819
884;73820138205382093821338217382213822
885;538229382333823738241382453824938253
886;3825738261382653826938273382773828138
887;28538289382933829738301383053830938313
888;383173832138325383293833338337383413834
889;5383493835338357383613836538369383733837
890;73838138385383893839338397384013840538409
891;384133841738421384253842938433384373844138
892;4453844938453384573846138465384693847338477
893;38481384853848938493384973850138505385093851
894;338517385213852538529385333853738541385453854
895;9385533855738561385653856938573385773858138585
896;38589385933859738601386053860938613386173862138
897;625386293863338637386413864538649386533865738661
898;3866538669386733867738681386853868938693386973870
899;13870538709387133871738721387253872938733387373874
900;138745387493875338757387613876538769387733877738781
901;3878538789387933879738801388053880938813388173882138
902;82538829388333883738841388453884938853388573886138865
903;388693887338877388813888538889388933889738901389053890
904;9389133891738921389253892938933389373894138945389493895
905;33895738961389653896938973389773898138985389893899338997
906;390013900539009390133901739021390253902939033390373904139
907;0453904939053390573906139065390693907339077390813908539089
908;39093390973910139105391093911339117391213912539129391333913
909;739141391453914939153391573916139165391693917339177391813918
910;5391893919339197392013920539209392133921739221392253922939233
911;39237392413924539249392533925739261392653926939273392773928139
912;285392893929339297393013930539309393133931739321393253932939333
913;3933739341393453934939353393573936139365393693937339377393813938
914;53938939393393973940139405394093941339417394213942539429394333943
915;739441394453944939453394573946139465394693947339477394813948539489
916;3949339497395013950539509395133951739521395253952939533395373954139
917;54539549395533955739561395653956939573395773958139585395893959339597
918;396013960539609396133961739621396253962939633396373964139645396493965
919;3396573966139665396693967339677396813968539689396933969739701397053970
920;93971339717397213972539729397333973739741397453974939753397573976139765
921;397693977339777397813978539789397933979739801398053980939813398173982139
922;8253982939833398373984139845398493985339857398613986539869398733987739881
923;39885398893989339897399013990539909399133991739921399253992939933399373994
924;139945399493995339957399613996539969399733997739981399853998939993399974000
925;1400054000940013400174002140025400294003340037400414004540049400534005740061
926;40065400694007340077400814008540089400934009740101401054010940113401174012140
927;125401294013340137401414014540149401534015740161401654016940173401774018140185
928;4018940193401974020140205402094021340217402214022540229402334023740241402454024
929;94025340257402614026540269402734027740281402854028940293402974030140305403094031
930;340317403214032540329403334033740341403454034940353403574036140365403694037340377
931;4038140385403894039340397404014040540409404134041740421404254042940433404374044140
932;44540449404534045740461404654046940473404774048140485404894049340497405014050540509
933;405134051740521405254052940533405374054140545405494055340557405614056540569405734057
934;7405814058540589405934059740601406054060940613406174062140625406294063340637406414064
935;54064940653406574066140665406694067340677406814068540689406934069740701407054070940713
936;407174072140725407294073340737407414074540749407534075740761407654076940773407774078140
937;7854078940793407
938;97408014080540809
939;408134081740821408
940;2540829408334083740
941;84140845408494085340
942;857408614086540869408
943;7340877408814088540889
944;40893408974090140905409
945;094091340917409214092540
946;9294093340937409414094540
947;94940953409574096140965409
948;694097340977409814098540989
949;4099340997410014100541009410
950;13410174102141025410294103341
951;037410414104541049410534105741
952;0614106541069410734107741081410
953;85410894109341097411014110541109
954;411134111741121411254112941133411
955;3741141411454114941153411574116141
956;16541169411734117741181411854118941
957;193411974120141205412094121341217412
958;2141225412294123341237412414124541249
959;41253412574126141265412694127341277412
960;814128541289412934129741301413054130941
961;3134131741321413254132941333413374134141
962;34541349413534135741361413654136941373413
963;774138141385413894139341397414014140541409
964;4141341417414214142541429414334143741441414
965;45414494145341457414614146541469414734147741
966;481414854148941493414974150141505415094151341
967;5174152141525415294153341537415414154541549415
968;53415574156141565415694157341577415814158541589
969;415934159741601416054160941613416174162141625416
970;2941633416374164141645416494165341657416614166541
971;66941673416774168141685416894169341697417014170541
972;709417134171741721417254172941733417374174141745417
973;4941753417574176141765417694177341777417814178541789
974;41793417974180141805418094181341817418214182541829418
975;334183741841418454184941853418574186141865418694187341
976;8774188141885418894189341897419014190541909419134191741
977;92141925419294193341937419414194541949419534195741961419
978;654196941973419774198141985419894199341997420014200542009
979;4201342017420214202542029420334203742041420454204942053420
980;57420614206542069420734207742081420854208942093420974210142
981;105421094211342117421214212542129421334213742141421454214942
982;1534215742161421654216942173421774218142185421894219342197422
983;01422054220942213422174222142225422294223342237422414224542249
984;422534225742261422654226942273422774228142285422894229342297423
985;0142305423094231342317423214232542329423334233742341423454234942
986;35342357423614236542369423734237742381423854238942393423974240142
987;405424094241342417424214242542429424334243742441424454244942453424
988;5742461424654246942473424774248142485424894249342497425014250542509
989;42513425174252142525425294253342537425414254542549425534255742561425
990;654256942573425774258142585425894259342597426014260542609426134261742
991;6214262542629426334263742641426454264942653426574266142665426694267342
992;67742681426854268942693426974270142705427094271342717427214272542729427
993;334273742741427454274942753427574276142765427694277342777427814278542789
994;4279342797428014280542809428134281742821428254282942833428374284142845428
995;49428534285742861428654286942873428774288142885428894289342897429014290542
996;909429134291742921429254292942933429374294142945429494295342957429614296542
997;9694297342977429814298542989429934299743001430054300943013430174302143025430
998;29430334303743041430454304943053430574306143065430694307343077430814308543089
999;430934309743101431054310943113431174312143125431294313343137431414314543149431
