¬ычисление кубического корн€ от номера парол€.


1;1
2;1.2599210498948731906665443602832965552806854248046875
3;1.442249570307408301772511549643240869045257568359375
4;1.58740105196819936139718265621922910213470458984375
5;1.7099759466766968341033816614071838557720184326171875
6;1.8171205928321396694258282877854071557521820068359375
7;1.9129311827723889383179312062566168606281280517578125
8;2
9;2.080083823051904090561947668902575969696044921875
10;2.154434690031883814498314677621237933635711669921875
11;2.223980090569315226645130678662098944187164306640625
12;2.289428485106663746506683310144580900669097900390625
13;2.35133468772075726604953160858713090419769287109375
14;2.4101422641752296982531333924271166324615478515625
15;2.466212074330469850025338018895126879215240478515625
16;2.519842099789746381333088720566593110561370849609375
17;2.57128159065823513884652129490859806537628173828125
18;2.62074139420889640206269177724607288837432861328125
19;2.6684016487219448521273079677484929561614990234375
20;2.714417616594906323967961725429631769657135009765625
21;2.758924176381120307866012808517552912235260009765625
22;2.802039330655386795143613198888488113880157470703125
23;2.843866979851565446324457298032939434051513671875
24;2.88449914061481660354502309928648173809051513671875
25;2.9240177382128660354965177248232066631317138671875
26;2.9624960684073702310570297413505613803863525390625
27;3
28;3.036588971875662235078152662026695907115936279296875
29;3.072316825685847074822731883614324033260345458984375
30;3.107232505953858581193571808398701250553131103515625
31;3.141380652391392747091458659269846975803375244140625
32;3.1748021039363987227943653124384582042694091796875
33;3.20753432999582610563038542750291526317596435546875
34;3.239611801277483049688044047798030078411102294921875
35;3.27106631018858973192209305125288665294647216796875
36;3.301927248894626298891807891777716577053070068359375
37;3.332221851645952970244479729444719851016998291015625
38;3.361975406798963117438461267738603055477142333984375
39;3.391211443014166437848189161741174757480621337890625
40;3.419951893353393668206763322814367711544036865234375
41;3.4482172403827302531453824485652148723602294921875
42;3.476026644886449634697100918856449425220489501953125
43;3.5033980603867238556858865194953978061676025390625
44;3.53034833532606295847244837204925715923309326171875
45;3.556893304490062579503728557028807699680328369140625
46;3.583047871015946128636642242781817913055419921875
47;3.608826080138694436527657671831548213958740234375
48;3.63424118566427889476244672550819814205169677734375
49;3.659305710022971336314867585315369069576263427734375
50;3.684031498640386370624355549807660281658172607421875
51;3.708429769266189168774872086942195892333984375
52;3.7325111568172477660709773772396147251129150390625
53;3.756285754221071915281982001033611595630645751953125
54;3.77976314968461934995502815581858158111572265625
55;3.8029524607613911513226412353105843067169189453125
56;3.825862365544777876635862412513233721256256103515625
57;3.848501131276804709813177396426908671855926513671875
58;3.870876640627796572147190090618096292018890380859375
59;3.89299641587326039626759666134603321552276611328125
60;3.914867641168863432454827488982118666172027587890625
61;3.936497183102172670032814494334161281585693359375
62;3.957891609680405320403906443971209228038787841796875
63;3.97905720789639172352281093480996787548065185546875
64;3.999999999999999555910790149937383830547332763671875
65;4.02072575858905789658592766500078141689300537109375
66;4.04124002062219034314693999476730823516845703125
67;4.06154810044567948779103971901349723339080810546875
68;4.08165510191734792755369198857806622982025146484375
69;4.10156592970234701311937897116877138614654541015625
70;4.12128529980855606851264383294619619846343994140625
71;4.1408177494228528559006008435972034931182861328125
72;4.16016764610380818112389533780515193939208984375
73;4.179339196381231857913007843308150768280029296875
74;4.1983364538084071426737864385358989238739013671875
75;4.21716332650874559107023742399178445339202880859375
76;4.2358235842548932481577139697037637233734130859375
77;4.25432086511500529013574123382568359375
78;4.27265868169791662722900582593865692615509033203125
79;4.29084042702620660492129900376312434673309326171875
80;4.3088693800637667408182096551172435283660888671875
81;4.32674871092222446122832479886710643768310546875
82;4.3444814857686111508883186616003513336181640625
83;4.36207067145483762260482762940227985382080078125
84;4.37951913988788898990378584130667150020599365234375
85;4.39682967215817921413645308348350226879119873046875
86;4.414004962442103163766660145483911037445068359375
87;4.43104762169363386448139863205142319202423095703125
88;4.44796018113863045329026135732419788837432861328125
89;4.46474509558453735991179200937040150165557861328125
90;4.481404746557164031628417433239519596099853515625
91;4.49794144527541472911025266512297093868255615234375
92;4.51435743547400125663671133224852383136749267578125
93;4.5306548960834920336537834373302757740020751953125
94;4.5468359437763439245827612467110157012939453125
95;4.56290263538696638789815551717765629291534423828125
96;4.57885697021332749301336662028916180133819580078125
97;4.59470089220703936661038824240677058696746826171875
98;4.61043629205844585072782138013280928134918212890625
99;4.62606500918274132772012308123521506786346435546875
100;4.64158883361277840862157972878776490688323974609375
101;4.6570095078038349356575054116547107696533203125
102;4.6723287283552590309909646748565137386322021484375
103;4.687548147653597396811164799146354198455810546875
104;4.7026693754415145320990632171742618083953857421875
105;4.71769398031653253156036953441798686981201171875
106;4.7326234911633680013665070873685181140899658203125
107;4.747459398523400153635520837269723415374755859375
108;4.76220315590459808419154796865768730640411376953125
109;4.7768561810350167462502213311381638050079345703125
110;4.79141985706278372703081913641653954982757568359375
111;4.80589553370533195675307069905102252960205078125
112;4.820284528350459396506266784854233264923095703125
113;4.8345881271116386557196165085770189762115478515625
114;4.8488075858398786976977135054767131805419921875
115;4.8629441310942791432125886785797774791717529296875
116;4.87699896107331287709030220867134630680084228515625
117;4.8909732465087483177512694965116679668426513671875
118;4.90486813152401612825315169175155460834503173828125
119;4.9186847344587274477589744492433965206146240234375
120;4.93242414866093970005067603779025375843048095703125
121;4.94608744324870031050522811710834503173828125
122;4.95967566384230007514588578487746417522430419921875
123;4.9731898332685897656801898847334086894989013671875
124;4.986630952238645164698027656413614749908447265625
125;5
126;5.01329793496458453461173121468164026737213134765625
127;5.0265256953134791473303266684524714946746826171875
128;5.0396841995794918744877577410079538822174072265625
129;5.0527743472085600018317563808523118495941162109375
130;5.0657970191008860894044119049794971942901611328125
131;5.07875307813270016055184896686114370822906494140625
132;5.0916433696594882718500230112113058567047119140625
133;5.10446872200146284370703142485581338405609130859375
134;5.11722994691204835504549919278360903263092041015625
135;5.1299278400300902802655400591902434825897216796875
136;5.1425631813164702776930425898171961307525634765625
137;5.15513673547577155886756372638046741485595703125
138;5.1676492523636223808125578216277062892913818359375
139;5.18010146738029231272548713604919612407684326171875
140;5.19249410185110349402748397551476955413818359375
141;5.20482786339420044896542094647884368896484375
142;5.21710344627616695589722439763136208057403564453125
143;5.22932153175598291028336461749859154224395751953125
144;5.2414827884177928041253835544921457767486572265625
145;5.2535878724929006011734600178897380828857421875
146;5.26563742817143687346970182261429727077484130859375
147;5.2776320879040756750555374310351908206939697265625
148;5.289572472694207050381010049022734165191650390625
149;5.3014591923809035733938799239695072174072265625
150;5.31329284591305484042322859750129282474517822265625
151;5.3250740216149861083749783574603497982025146484375
152;5.33680329744388881607619623537175357341766357421875
153;5.34848124123936319307404119172133505344390869140625
154;5.36010841096536250205417672987096011638641357421875
155;5.3716853549448320137571499799378216266632080078125
156;5.38321261208728341074447598657570779323577880859375
157;5.39469071210959061346557064098306000232696533203125
158;5.40612017575022463233835878781974315643310546875
159;5.41750151497717968851475234259851276874542236328125
160;5.42883523318981264793592345085926353931427001953125
161;5.44012182541479649700022491742856800556182861328125
162;5.45136177849641878623287993832491338253021240234375
163;5.4625555712813973485708629596047103404998779296875
164;5.4737036747984273432621193933300673961639404296875
165;5.4848065524326177211378308129496872425079345703125
166;5.495864660095012510510059655643999576568603515625
167;5.5068784463873523549182209535501897335052490234375
168;5.51784835276224061573202561703510582447052001953125
169;5.52877481367887124719118219218216836452484130859375
170;5.5396582567544641051426879130303859710693359375
171;5.5504991029115462453091822681017220020294189453125
172;5.56129776652123464231181060313247144222259521484375
173;5.57205465554262246996586327441036701202392578125
174;5.58277017165842348589421817450784146785736083984375
175;5.59344471040698376640420974581502377986907958984375
176;5.60407866131077359028722639777697622776031494140625
177;5.61467240800149003376873224624432623386383056640625
178;5.62522632834185554173700438695959746837615966796875
179;5.63574079454423593205092402058653533458709716796875
180;5.64621617328617020348247024230659008026123046875
181;5.65665282582290984692008350975811481475830078125
182;5.66705110809706358310222640284337103366851806640625
183;5.6774113708454319038310131873004138469696044921875
184;5.68773395970313000447049489594064652919769287109375
185;5.6980192153050648329326577368192374706268310546875
186;5.708267473384861290242042741738259792327880859375
187;5.7184790648713157423799202661029994487762451171875
188;5.7286543159824372395405589486472308635711669921875
189;5.7387935483171670369983985438011586666107177734375
190;5.7488970789448305964697283343411982059478759765625
191;5.7589652204924011158482244354672729969024658203125
192;5.7689982812296332070900461985729634761810302734375
193;5.7789965651521288947378707234747707843780517578125
194;5.7889603720624034366437626886181533336639404296875
195;5.7988899976489971521687039057724177837371826171875
196;5.80878573356370342395393890910781919956207275390625
197;5.81864786749696083489880038541741669178009033203125
198;5.828476683251455625622838851995766162872314453125
199;5.8382724608140019739721537916921079158782958984375
200;5.84803547642573118281461574952118098735809326171875
201;5.85776600265065194861335839959792792797088623046875
202;5.86746430844261457338006948702968657016754150390625
203;5.87713065921073951614062025328166782855987548828125
204;5.8867653168833360410872046486474573612213134765625
205;5.8963685399703660294790097395889461040496826171875
206;5.905940583624488482428205315954983234405517578125
207;5.91548169970071580081594220246188342571258544921875
208;5.924992136814740462114059482701122760772705078125
209;5.93447214039994097589669763692654669284820556640625
210;5.94392195276312929053119660238735377788543701171875
211;5.953341813139051197367734857834875583648681640625
212;5.9627319577436903585976324393413960933685302734375
213;5.97209261982639905141923009068705141544342041015625
214;5.98142402972088493839919465244747698307037353515625
215;5.99072641489509205570129779516719281673431396484375
216;5.99999999999999911182158029987476766109466552734375
217;6.0092450069173661830745913903228938579559326171875
218;6.01846165480645201029119562008418142795562744140625
219;6.02765016014974097657841412001289427280426025390625
220;6.0368107367976850952118184068240225315093994140625
221;6.04594359601251341018723906017839908599853515625
222;6.05504894651110436853969076764769852161407470703125
223;6.06412699450696290881523964344523847103118896484375
224;6.07317794375132447015630532405339181423187255859375
225;6.082201995573399244676693342626094818115234375
226;6.09119934891978420665736848604865372180938720703125
227;6.10017020039306157030978283728472888469696044921875
228;6.10911474428960588056725100614130496978759765625
229;6.1180331726366201650080256513319909572601318359375
230;6.12692567522841624594320819596759974956512451171875
231;6.135792439661958752594728139229118824005126953125
232;6.14463365137169414964546376722864806652069091796875
233;6.15344949366368165755147856543771922588348388671875
234;6.16224014774903761093582943431101739406585693359375
235;6.17100579277671723588127861148677766323089599609375
236;6.1797466058656436160845260019414126873016357421875
237;6.18846276213620338779719531885348260402679443359375
238;6.197154434741126038943548337556421756744384765625
239;6.205821794895751253307025763206183910369873046875
240;6.21446501190771716238714361679740250110626220703125
241;6.22308425320605795860728903790004551410675048828125
242;6.2316796843697517260807217098772525787353515625
243;6.24025146915571138350742330658249557018280029296875
244;6.24879976952624272001912686391733586788177490234375
245;6.2573247456759730766862048767507076263427734375
246;6.26582655605827110179006922408007085323333740234375
247;6.27430535741116823800211932393722236156463623046875
248;6.28276130478278549418291731853969395160675048828125
249;6.29119455155628681808366309269331395626068115234375
250;6.29960524947436528719890702632255852222442626953125
251;6.30799354866326655866259898175485432147979736328125
252;6.3163595976563779998969039297662675380706787109375
253;6.32470354341737017733748871251009404659271240234375
254;6.3330255313629155722310315468348562717437744140625
255;6.34132570538499695800283006974495947360992431640625
256;6.349604207872797445588730624876916408538818359375
257;6.35786117973419973026238949387334287166595458984375
258;6.36609676041689187542260697227902710437774658203125
259;6.37431108792909295601702979183755815029144287109375
260;6.38250429885990655520799919031560420989990234375
261;6.390676528399307443351062829606235027313232421875
262;6.398827910357770321070347563363611698150634765625
263;6.4069585771855575018207673565484583377838134765625
264;6.4150686599916522112607708550058305263519287109375
265;6.4231582885623677015018984093330800533294677734375
266;6.4312275913796241866293712519109249114990234375
267;6.4392766956389078103484280291013419628143310546875
268;6.4473057272669134221132480888627469539642333984375
269;6.4553148109388853725931767257861793041229248046875
270;6.46330407009565011122731448267586529254913330078125
271;6.471273626960364566684802412055432796478271484375
272;6.47922360255496609937608809559606015682220458984375
273;6.48715411671634978318934372509829699993133544921875
274;6.4950652881122632464894195436500012874603271484375
275;6.5029572342569341714124675490893423557281494140625
276;6.51083007152643222781307486002333462238311767578125
277;6.5186839151737689945775855449028313159942626953125
278;6.52651887934375007915832611615769565105438232421875
279;6.534335077087572329901377088390290737152099609375
280;6.54213262037717857566576640238054096698760986328125
281;6.5499116201193743336261832155287265777587890625
282;6.5576721861697109261513105593621730804443359375
283;6.565414427346137671293035964481532573699951171875
284;6.573138451442428475957058253698050975799560546875
285;6.580844365241393489895926904864609241485595703125
286;6.588532274527864274205057881772518157958984375
287;6.59620228410147912967431693687103688716888427734375
288;6.60385449778925259778361578355543315410614013671875
289;6.61148901845794423337565604015253484249114990234375
290;6.61910594802622842536266034585423767566680908203125
291;6.62670538747666881818076944909989833831787109375
292;6.63428743686749644581368556828238070011138916015625
293;6.6418521953442084537755363271571695804595947265625
294;6.64939976115097497455508346320129930973052978515625
295;6.65693023164186659101915211067534983158111572265625
296;6.66444370329190594048895945888943970203399658203125
297;6.67194027170794612402460188604891300201416015625
298;6.67942003163937414456086116842925548553466796875
299;6.686883076988653584749044966883957386016845703125
300;6.69432950082169409000698578893207013607025146484375
301;6.70175939537806897305927122943103313446044921875
302;6.7091728520810676172914099879562854766845703125
303;6.7165699615475968897726488648913800716400146484375
304;6.72395081359792623487692253547720611095428466796875
305;6.731315497265288882999811903573572635650634765625
306;6.7386641008053320689441534341312944889068603515625
307;6.74599671170542425358007676550187170505523681640625
308;6.75331341669382023695789030170999467372894287109375
309;6.760614301748688603765913285315036773681640625
310;6.76789945210700683020377255161292850971221923828125
311;6.77516895227331161777328816242516040802001953125
312;6.78242288602833287569637832348234951496124267578125
313;6.78966133643748381842897288152016699314117431640625
314;6.79688438585923648815878550522029399871826171875
315;6.8040921159533667150753899477422237396240234375
316;6.811284607689078285375217092223465442657470703125
317;6.8184619413530089815367318806238472461700439453125
318;6.82562419655711405397369162528775632381439208984375
319;6.8327714522464422230996206053532660007476806640625
320;6.83990378670678733641352664562873542308807373046875
321;6.8470212775722405496026112814433872699737548828125
322;6.85412400183262437991515980684198439121246337890625
323;6.86121203584081928994464760762639343738555908203125
324;6.86828545531999079543084008037112653255462646484375
325;6.87534433537070466258001033565960824489593505859375
326;6.882388750477947070294248987920582294464111328125
327;6.8894187745180399673472493304871022701263427734375
328;6.89643448076545961811234519700519740581512451171875
329;6.9034359418995574486643818090669810771942138671875
330;6.91042323001118319325541961006820201873779296875
331;6.91739641660922455201898628729395568370819091796875
332;6.92435557262703849090712537872605025768280029296875
333;6.931300768428808822818609769456088542938232421875
334;6.938232073815800760030469973571598529815673828125
335;6.94514955803254085964226760552264750003814697265625
336;6.95205328977289838121578213758766651153564453125
337;6.9589433371860938137842822470702230930328369140625
338;6.9658197678826159204845680505968630313873291015625
339;6.97268264894005884713124032714404165744781494140625
340;6.9795320469088864001605543307960033416748046875
341;6.98636802781810484219704449060373008251190185546875
342;6.99319065718086729788183220080099999904632568359375
343;6.99999999999999911182158029987476766109466552734375
344;7.006796120773447711371773038990795612335205078125
345;7.01357908349965786243274123989976942539215087890625
346;7.0203489516828767591505311429500579833984375
347;7.02710578833838628298735784483142197132110595703125
348;7.03384965599766243116164332604967057704925537109375
349;7.0405806167134716844202557695098221302032470703125
350;7.04729873206489099146665466832928359508514404296875
351;7.05400406316227179814859482576139271259307861328125
352;7.06069667065212502876647704397328197956085205078125
353;7.06737661472195366485493650543503463268280029296875
354;7.0740439551050133815124354441650211811065673828125
355;7.080698751085012787598316208459436893463134765625
356;7.0873410615007532697973147151060402393341064453125
357;7.09397094475070932872995399520732462406158447265625
358;7.1005884587975405253246208303608000278472900390625
359;7.1071936611725590182686573825776576995849609375
360;7.11378660898012515900745711405761539936065673828125
361;7.1203673589019924605736377998255193233489990234375
362;7.1269359672016019402462916332297027111053466796875
363;7.1334924897283062961150790215469896793365478515625
364;7.1400369819215558919722752762027084827423095703125
365;7.146569498815022569715438294224441051483154296875
366;7.15309009504066839468805483193136751651763916015625
367;7.15959882483277088027762147248722612857818603515625
368;7.16609574203189225727328448556363582611083984375
369;7.17258090008879545251829767948947846889495849609375
370;7.1790543520683183231767543475143611431121826171875
371;7.18551615065319015940303870593197643756866455078125
372;7.19196634814780910716081052669323980808258056640625
373;7.198404996481965412158388062380254268646240234375
374;7.20483214721452025486314596491865813732147216796875
375;7.21124785153704106477334789815358817577362060546875
376;7.21765216027738887305531534366309642791748046875
377;7.22404512390325947990277200005948543548583984375
378;7.2304267925256890947594001772813498973846435546875
379;7.2367972159025040213009560829959809780120849609375
380;7.24315644344174014435111530474387109279632568359375
381;7.249504524205011790627395384944975376129150390625
382;7.25584150691084506235029039089567959308624267578125
383;7.26216743993796765010984017862938344478607177734375
384;7.2684823713285577895248934510163962841033935546875
385;7.27478634879145591440874341060407459735870361328125
386;7.28107941970533634190587690682150423526763916015625
387;7.2873616311218416541350961779244244098663330078125
388;7.29363302976867888816059348755516111850738525390625
389;7.29989366205267486975571955554187297821044921875
390;7.30614357406280223727890188456512987613677978515625
391;7.31238281157316460934225688106380403041839599609375
392;7.3186114200459417844513154705055058002471923828125
393;7.324829444634314512541095609776675701141357421875
394;7.33103693018533508762857309193350374698638916015625
395;7.33723392124278017689675834844820201396942138671875
396;7.34342046204996190539304734556935727596282958984375
397;7.34959659655250607812604357604868710041046142578125
398;7.3557623684011019804529496468603610992431640625
399;7.36191782095421576315175116178579628467559814453125
400;7.36806299728077274124871109961532056331634521484375
401;7.37419794016281127113643378834240138530731201171875
402;7.38032269209810376509039997472427785396575927734375
403;7.386437295302744843183972989208996295928955078125
404;7.392541791713714616207653307355940341949462890625
405;7.39863622299140910598680420662276446819305419921875
406;7.40472063052214224398994701914489269256591796875
407;7.41079505542061856004920628038235008716583251953125
408;7.41685953853237833754974417388439178466796875
409;7.422914120436214346909764572046697139739990234375
410;7.42895884144656459824318517348729074001312255859375
411;7.4349937416158677905286822351627051830291748046875
412;7.4410188607369054381024398026056587696075439453125
413;7.44703423834510669365727153490297496318817138671875
414;7.4530399137208345194949288270436227321624755859375
415;7.45903592589163988435529972775839269161224365234375
416;7.465022313634495532141954754479229450225830078125
417;7.47099911547800132893826230429112911224365234375
418;7.47696636970456918191985096200369298458099365234375
419;7.48292411435257687202238230383954942226409912109375
420;7.4888723872185067875761887989938259124755859375
421;7.49481122585905001898254340630955994129180908203125
422;7.5007406675932006834273124695755541324615478515625
423;7.50666074950431294610098120756447315216064453125
424;7.51257150844214294238554430194199085235595703125
425;7.5184729810248729364730024826712906360626220703125
426;7.52436520364110084102549080853350460529327392578125
427;7.53024821245181730233753114589489996433258056640625
428;7.53612204339236058103779214434325695037841796875
429;7.54198673217434478743825820856727659702301025390625
430;7.54784231428757390602868326823227107524871826171875
431;7.55368882500192828644003384397365152835845947265625
432;7.55952629936923781173163661151193082332611083984375
433;7.56535477222512842132573496201075613498687744140625
434;7.57117427819085175855207126005552709102630615234375
435;7.5769848516750979428024947992525994777679443359375
436;7.5827865268757808081545590539462864398956298828125
437;7.5885793377818142602109219296835362911224365234375
438;7.59436331817486109940773530979640781879425048828125
439;7.600138501631068521646739100106060504913330078125
440;7.605904921522782302645282470621168613433837890625
441;7.61166261102024410689637079485692083835601806640625
442;7.61741160309327103306031858664937317371368408203125
443;7.62315193051291739578800843446515500545501708984375
444;7.62888362585311607944049683283083140850067138671875
445;7.6346067214923092336675836122594773769378662109375
446;7.6403212496150540999906297656707465648651123046875
447;7.6460272422136181802443388733081519603729248046875
448;7.65172473108955575327172482502646744251251220703125
449;7.6574137478552639635154264396987855434417724609375
450;7.6630943239355300278248250833712518215179443359375
451;7.668766490569058902337928884662687778472900390625
452;7.674430278809982297616443247534334659576416015625
453;7.6800857195293570356398049625568091869354248046875
454;7.68573284341664475505240261554718017578125
455;7.691371680981177405556081794202327728271484375
456;7.69700226255360941962635479285381734371185302734375
457;7.70262461828735123248179661459289491176605224609375
458;7.70823877815999214391240457189269363880157470703125
459;7.71384477197470541653956388472579419612884521484375
460;7.719442629361640939578137476928532123565673828125
461;7.725032379779303681743840570561587810516357421875
462;7.7306140525159197096627394785173237323760986328125
463;7.73618767669078266635551699437201023101806640625
464;7.7417532812555922561159604811109602451324462890625
465;7.74731089499578207124841355835087597370147705078125
466;7.75286054653182166163105648593045771121978759765625
467;7.758402264320519492457606247626245021820068359375
468;7.76393607665630636205378323211334645748138427734375
469;7.7694620116725037206606430117972195148468017578125
470;7.77498009734258577196897022076882421970367431640625
471;7.78049036148142381108527843025512993335723876953125
472;7.78599283174651990435677362256683409214019775390625
473;7.79148753563922991105528126354329288005828857421875
474;7.79697450050597229420645817299373447895050048828125
475;7.8024537535394227205642891931347548961639404296875
476;7.8079253217797077724071641569025814533233642578125
477;7.813389232115572013981363852508366107940673828125
478;7.818845511285541505230867187492549419403076171875
479;7.82429418587908021009980075177736580371856689453125
480;7.829735282337725976731235277839004993438720703125
481;7.83516882695622118859546390012837946414947509765625
482;7.8405948458836292047635652124881744384765625
483;7.84601336512444458293202842469327151775360107421875
484;7.851424410539689091592663316987454891204833984375
485;7.8568280078479961758830540929920971393585205078125
486;7.86222418262668920618807533173821866512298583984375
487;7.867612960312843739529853337444365024566650390625
488;7.87299436620434534006562898866832256317138671875
489;7.87836842546093496508774478570558130741119384765625
490;7.88373516310524191652575609623454511165618896484375
491;7.88909460402380968702118479995988309383392333984375
492;7.89444677296811381239649563212879002094268798828125
493;7.89979169455556462509093762491829693317413330078125
494;7.90512939327050645488270674832165241241455078125
495;7.91045989346520084239955394878052175045013427734375
496;7.9157832193608097526293931878171861171722412109375
497;7.9210993950483601366840957780368626117706298828125
498;7.92640844448970316449276651837863028049468994140625
499;7.9317103915184663520676622283644974231719970703125
500;7.93700525984099680698591328109614551067352294921875
501;7.942293073037287598481270833872258663177490234375
502;7.947573854561909456606372259557247161865234375
503;7.95284762774492293146977317519485950469970703125
504;7.95811441579278255886720216949470341205596923828125
505;7.96337424178924191409123523044399917125701904296875
506;7.968627128696237349458897369913756847381591796875
507;7.9738730993547743963745233486406505107879638671875
508;7.9791121764858008447163228993304073810577392578125
509;7.984344382691073604974008048884570598602294921875
510;7.989569740454012247710124938748776912689208984375
511;7.9947882721405552075566447456367313861846923828125
512;7.99999999999999911182158029987476766109466552734375
513;8.0052049461658345563819239032454788684844970703125
514;8.01040313265657033525712904520332813262939453125
515;8.015594581376557670182592119090259075164794921875
516;8.02077931411680111750683863647282123565673828125
517;8.025957352555760593304512440226972103118896484375
518;8.0311287182601542866677846177481114864349365234375
519;8.036293432685742033072529011406004428863525390625
520;8.0414515171781157931718553300015628337860107421875
521;8.0466029929734705916644088574685156345367431640625
522;8.0517478811993772325195095618255436420440673828125
523;8.0568862028755479087749336031265556812286376953125
524;8.062017978914578719695782638154923915863037109375
525;8.06714323012271705692910472862422466278076171875
526;8.07226197720058991080804844386875629425048828125
527;8.0773742407439446111538927652873098850250244140625
528;8.0824800412443789099370405892841517925262451171875
529;8.087579399090063958510654629208147525787353515625
530;8.092672334566454850346417515538632869720458984375
531;8.0977588678570118219113282975740730762481689453125
532;8.1028390190438930318350685411132872104644775390625
533;8.10791280810865799821840482763946056365966796875
534;8.1129802549329621541573942522518336772918701171875
535;8.1180413792992336396991959190927445888519287109375
536;8.1230962008913589755820794380269944667816162109375
537;8.1281447392953563024775576195679605007171630859375
538;8.1331870140000450675188403693027794361114501953125
539;8.138223044397701499974573380313813686370849609375
540;8.143252849784719415993095026351511478424072265625
541;8.1482764493622621415624962537549436092376708984375
542;8.1532938622369055536864834721200168132781982421875
543;8.1583051074212793452034020447172224521636962890625
544;8.1633102038346958551073839771561324596405029296875
545;8.1683091703037842279400138068012893199920654296875
546;8.1733020255631121386841186904348433017730712890625
547;8.1782887882558039649438796914182603359222412109375
548;8.18326947693415007734074606560170650482177734375
549;8.1882441100602196826230283477343618869781494140625
550;8.1932127060064576795639368356205523014068603515625
551;8.19817528305628684393013827502727508544921875
552;8.2031318594046940262387579423375427722930908203125
553;8.2080824531588252312985787284560501575469970703125
554;8.2130270823385576051123280194588005542755126953125
555;8.21796576487708563263367977924644947052001953125
556;8.2228985186214895719558626296930015087127685546875
557;8.2278253613333003357865891302935779094696044921875
558;8.2327463106890714783503426588140428066253662109375
559;8.2376613842809245369380732881836593151092529296875
560;8.2425705996171121370252876658923923969268798828125
561;8.2474739741225651101785842911340296268463134765625
562;8.2523715251394325065348311909474432468414306640625
563;8.2572632699276251599940223968587815761566162109375
564;8.262149225665350371627937420271337032318115234375
565;8.2670294094496430403751219273544847965240478515625
566;8.2719038382968932410221896134316921234130859375
567;8.276772529143361367687248275615274906158447265625
568;8.281635498845705711801201687194406986236572265625
569;8.2864927641814905001638180692680180072784423828125
570;8.2913443418496957093566379626281559467315673828125
571;8.2961902484712251037990426993928849697113037109375
572;8.3010305005894036156632864731363952159881591796875
573;8.30586511467047472478952840901911258697509765625
574;8.3106941071040960622440252336673438549041748046875
575;8.315517494203827908449966344051063060760498046875
576;8.3203352922076163622477906756103038787841796875
577;8.3251475172782729572418247698806226253509521484375
578;8.32995418550395783086059964261949062347412109375
579;8.334755312898646906205613049678504467010498046875
580;8.3395509154026061793274493538774549961090087890625
581;8.3443410088828517956471841898746788501739501953125
582;8.34912560913361545544830732978880405426025390625
583;8.3539047318768080430118061485700309276580810546875
584;8.3586783927624619394691762863658368587493896484375
585;8.363446607369194651937505113892257213592529296875
586;8.3682093912046440209451247937977313995361328125
587;8.3729667597059229677824987447820603847503662109375
588;8.3777187282400547019278747029602527618408203125
589;8.382465312104411481186616583727300167083740234375
590;8.387206526527140937332660541869699954986572265625
591;8.39194238666760838896152563393115997314453125
592;8.396672907616814285347572877071797847747802734375
593;8.401398104397816979371782508678734302520751953125
594;8.4061179919661608295200494467280805110931396484375
595;8.4108325852102812092425665468908846378326416015625
596;8.4155418989519272798816018621437251567840576171875
597;8.4202459479465705527445607003755867481231689453125
598;8.4249447468838045693928506807424128055572509765625
599;8.4296383103877587927854619920253753662109375
600;8.4343266530174911821404748479835689067840576171875
601;8.439009789267391425937603344209492206573486328125
602;8.443687733567568187709184712730348110198974609375
603;8.4483605002842470099722049781121313571929931640625
604;8.4530281037201593363761276123113930225372314453125
605;8.4576905581149208757096857880242168903350830078125
606;8.4623478776454152949781928327865898609161376953125
607;8.4670000764261832415513708838261663913726806640625
608;8.4716471685097847199585885391570627689361572265625
609;8.476289167887184561323010711930692195892333984375
610;8.4809260884881130237999968812800943851470947265625
611;8.4855579441814423802270539454184472560882568359375
612;8.4901847487755457422053950722329318523406982421875
613;8.49480651601866298960885615088045597076416015625
614;8.4994232595992595946654546423815190792083740234375
615;8.5040349931463818933252696297131478786468505859375
616;8.5086417302300105802714824676513671875
617;8.5132434843614159802882568328641355037689208984375
618;8.51784026899350266148758237250149250030517578125
619;8.5224320975211593776066365535371005535125732421875
620;8.527018983281596575807270710356533527374267578125
621;8.5316009395546945626165324938483536243438720703125
622;8.5361779795633392353693125187419354915618896484375
623;8.54075011647375248458047281019389629364013671875
624;8.5453173633958332544580116518773138523101806640625
625;8.54987973338348439256151323206722736358642578125
626;8.5544372394349412758174366899766027927398681640625
627;8.5589898944931004365344051620922982692718505859375
628;8.56353771144583930663429782725870609283447265625
629;8.5680807031263359618833419517613947391510009765625
630;8.5726188823133941951937231351621448993682861328125
631;8.5771522617317561554273197543807327747344970703125
632;8.5816808540524132098425980075262486934661865234375
633;8.5862046718929239119688645587302744388580322265625
634;8.5907237278177177586258039809763431549072265625
635;8.5952380343384078287272132001817226409912109375
636;8.59974760391408921123002073727548122406005859375
637;8.60425244895164809122434235177934169769287109375
638;8.608752581806054848811982083134353160858154296875
639;8.613248014780669592482809093780815601348876953125
640;8.617738760127533481636419310234487056732177734375
641;8.622224830047667154531154665164649486541748046875
642;8.6267062366913531690215677372179925441741943359375
643;8.6311829921584379832211197935976088047027587890625
644;8.6356551084986090671691272291354835033416748046875
645;8.64012259771168800170926260761916637420654296875
646;8.644585471747905813799661700613796710968017578125
647;8.64904374250819074632090632803738117218017578125
648;8.6534974218444489224566495977342128753662109375
649;8.6579465215598343519332047435455024242401123046875
650;8.6623910534090260426864915643818676471710205078125
651;8.66683102909851044159950106404721736907958984375
652;8.6712664602868390062440084875561296939849853515625
653;8.6756973585849070929043591604568064212799072265625
654;8.6801237355562204101033785264007747173309326171875
655;8.6845456027171525903440851834602653980255126953125
656;8.688962971537222301776637323200702667236328125
657;8.6933758534393437145126881659962236881256103515625
658;8.6977842598000929541512959985993802547454833984375
659;8.70218820194995856809327960945665836334228515625
660;8.7065876911736115317808071267791092395782470703125
661;8.7109827387101415041570362518541514873504638671875
662;8.7153733557533268339057030971162021160125732421875
663;8.719759553451876143981280620209872722625732421875
664;8.7241413429096734688528158585540950298309326171875
665;8.7285187351860411553161611664108932018280029296875
666;8.73289174129596545981257804669439792633056640625
667;8.737260372210357672884128987789154052734375
668;8.74162463885628682191963889636099338531494140625
669;8.7459845521172230320416929316706955432891845703125
670;8.7503401228332737815662767388857901096343994140625
671;8.7546913618014254865329348831437528133392333984375
672;8.7590382797757779798075716826133430004119873046875
673;8.7633808874677736611147338408045470714569091796875
674;8.7677191955464355288540900801308453083038330078125
675;8.77205321463859633013271377421915531158447265625
676;8.776382955329125934440526179969310760498046875
677;8.7807084281611604836825790698640048503875732421875
678;8.785029643636324436783979763276875019073486328125
679;8.78934661221496327243585255928337574005126953125
680;8.793659344316356651916066766716539859771728515625
681;8.7979678503189493454783587367273867130279541015625
682;8.8022721405605608424593810923397541046142578125
683;8.8065722253386109485973065602593123912811279296875
684;8.8108681149103365015662348014302551746368408203125
685;8.8151598194929992047264022403396666049957275390625
686;8.8194473492641112244427858968265354633331298828125
687;8.8237307143616359184079556143842637538909912109375
688;8.82800992488420632753332029096782207489013671875
689;8.8322849908913330096993377082981169223785400390625
690;8.83655592240361187350572436116635799407958984375
691;8.840822729402926682951147085987031459808349609375
692;8.8450854218326622202539510908536612987518310546875
693;8.8493440095979050141750121838413178920745849609375
694;8.8535985025656405156269102008081972599029541015625
695;8.85784891056496093142413883469998836517333984375
696;8.8620952433872677289627972641028463840484619140625
697;8.8663375107864563773318877792917191982269287109375
698;8.8705757224791295101340438122861087322235107421875
699;8.874809888144785219310506363399326801300048828125
700;8.8790400174260053489661004277877509593963623046875
701;8.8832661199286651054762842250056564807891845703125
702;8.8874882052221106931710892240516841411590576171875
703;8.8917062828393529372306147706694900989532470703125
704;8.8959203622772609065805227146483957767486572265625
705;8.9001304529967484313601744361221790313720703125
706;8.904336564422958844033928471617400646209716796875
707;8.9085387059454514968592775403521955013275146484375
708;8.9127368869183900557118249707855284214019775390625
709;8.916931116660716583055545925162732601165771484375
710;8.921121404456346937195121427066624164581298828125
711;8.92530775955433597346200258471071720123291015625
712;8.9294901911690747198235840187408030033111572265625
713;8.933668708480450248998749884776771068572998046875
714;8.9378433206340393013533685007132589817047119140625
715;8.9420140367412717097295171697624027729034423828125
716;8.9461808658796169169136192067526280879974365234375
717;8.950343817092747400465668761171400547027587890625
718;8.954502899390718084760010242462158203125
719;8.9586581217501350948850813438184559345245361328125
720;8.96280949311432806325683486647903919219970703125
721;8.9669570223935171071616423432715237140655517578125
722;8.9711007184649833590128764626570045948028564453125
723;8.97524059017323594389381469227373600006103515625
724;8.9793766463301754043868641019798815250396728515625
725;8.9835088957152624544733043876476585865020751953125
726;8.987637347075679628005673293955624103546142578125
727;8.99176200912649647989383083768188953399658203125
728;8.995882890550827681863665929995477199554443359375
729;8.9999999999999982236431605997495353221893310546875
730;9.004113346093699732364257215522229671478271484375
731;9.0082229374201521210352439084090292453765869140625
732;9.0123287825362563552289429935626685619354248046875
733;9.0164308899677596542687751934863626956939697265625
734;9.020529268209404705203269259072840213775634765625
735;9.0246239257250859822079291916452348232269287109375
736;9.0287148709480025132734226644970476627349853515625
737;9.03280211228081242325060884468257427215576171875
738;9.0368856580957892532524056150577962398529052734375
739;9.0409655167349622928441021940670907497406005859375
740;9.0450416965102728994452263577841222286224365234375
741;9.049114205703727265017732861451804637908935546875
742;9.0531830525675349718994766590185463428497314453125
743;9.057248245324263535849240724928677082061767578125
744;9.061309792166984067307566874660551548004150390625
745;9.0653677012594133799439077847637236118316650390625
746;9.0694219807360578755606184131465852260589599609375
747;9.0734726387023645344243050203658640384674072265625
748;9.077519683234850589315101387910544872283935546875
749;9.08156312238126162128537544049322605133056640625
750;9.0856029641606976809953266638331115245819091796875
751;9.0896392165637589499738169251941144466400146484375
752;9.0936718875526860728086830931715667247772216796875
753;9.09770098506150048933704965747892856597900390625
754;9.101726516996134108694604947231709957122802734375
755;9.10574849123457141786275315098464488983154296875
756;9.1097669156269862611452481360174715518951416015625
757;9.1137817979958715142174696666188538074493408203125
758;9.1177931461361776399598966236226260662078857421875
759;9.1218009678154441388642226229421794414520263671875
760;9.1258052707739327757963110343553125858306884765625
761;9.1298060627247554776886317995376884937286376953125
762;9.13380335135401111301689525134861469268798828125
763;9.1377971443209116131356495316140353679656982421875
764;9.14178744925791164632755680941045284271240234375
765;9.1457742737708347391389906988479197025299072265625
766;9.14975762543900827949983067810535430908203125
767;9.1537375118153807562748625059612095355987548828125
768;9.15771394042665320966989384032785892486572265625
769;9.1616869187734071289241910562850534915924072265625
770;9.165656454330221691861879662610590457916259765625
771;9.1696225545458016625843811198137700557708740234375
772;9.1735852268431017364491708576679229736328125
773;9.1775444786194437796211786917410790920257568359375
774;9.1815003172466465031220650416798889636993408203125
775;9.1854527500711373733111031469888985157012939453125
776;9.1894017844140787332207764848135411739349365234375
777;9.1933474275714832657513397862203419208526611328125
778;9.19728968681433656229273765347898006439208984375
779;9.20122856938871080956232617609202861785888671875
780;9.2051640825158873582267915480770170688629150390625
781;9.20909623339246508066935348324477672576904296875
782;9.2130250291904847159685232327319681644439697265625
783;9.216950477057540780378985800780355930328369140625
784;9.2208725841168917014556427602656185626983642578125
785;9.2247913574675823866755308699794113636016845703125
786;9.2287068041845454757776678889058530330657958984375
787;9.232618931318729238455489394254982471466064453125
788;9.236527745897195273983015795238316059112548828125
789;9.240433254923235750766252749599516391754150390625
790;9.2443354653764817641103945788927376270294189453125
791;9.248234384213017023057545884512364864349365234375
792;9.2521300183654826554402461624704301357269287109375
793;9.25602237474318911836235201917588710784912109375
794;9.2599114602322192268957223859615623950958251953125
795;9.2637972816955436172747795353643596172332763671875
796;9.2676798459731148938089972943998873233795166015625
797;9.2715591598819866447911408613435924053192138671875
798;9.2754352302164111421234338195063173770904541015625
799;9.2793080637479459227279221522621810436248779296875
800;9.2831776672255568172431594575755298137664794921875
801;9.28704404737572275507773156277835369110107421875
802;9.2909072109025405694637811393477022647857666015625
803;9.2947671644878209207263353164307773113250732421875
804;9.2986239147911984304073484963737428188323974609375
805;9.30247746845022760453502996824681758880615234375
806;9.306327832080480533250010921619832515716552734375
807;9.31017501227565702492938726209104061126708984375
808;9.314019015607669871315010823309421539306640625
809;9.3178598486267585343512109830044209957122802734375
810;9.321697517861576187669925275258719921112060546875
811;9.3255320298192909689305452047847211360931396484375
812;9.3293633909856854558029226609505712985992431640625
813;9.33319160782524903652301873080432415008544921875
814;9.3370166867812809385895889136008918285369873046875
815;9.340838634275971941178795532323420047760009765625
816;9.344657456710518061981929349713027477264404296875
817;9.34847316046519694054950377903878688812255859375
818;9.3522857518994744197016188991256058216094970703125
819;9.356095237352089810656252666376531124114990234375
820;9.359901623141155369012267328798770904541015625
821;9.3637049155642415598777006380259990692138671875
822;9.367505120898474757495932863093912601470947265625
823;9.371302245400624286730817402713000774383544921875
824;9.37509629530719479362232959829270839691162109375
825;9.3788872768345168395853761467151343822479248046875
826;9.382675196178833942894925712607800960540771484375
827;9.386460059516398501955336541868746280670166015625
828;9.390241873003549955001290072686970233917236328125
829;9.3940206427768107033671185490675270557403564453125
830;9.3977963749529731529719356331042945384979248046875
831;9.4015690756291832030910882167518138885498046875
832;9.405338750883029064198126434348523616790771484375
833;9.409105406772628299449934274889528751373291015625
834;9.41286904933671308981502079404890537261962890625
835;9.4166296845947119464881325257010757923126220703125
836;9.4203873185468385287322234944440424442291259765625
837;9.42414195717417868536358582787215709686279296875
838;9.4278936064387632853822651668451726436614990234375
839;9.4316422722836623648845488787628710269927978515625
840;9.4353879606330650631207390688359737396240234375
841;9.439130677392359558552925591357052326202392578125
842;9.4428704284482165576264378614723682403564453125
843;9.4466072196686692308276178664527833461761474609375
844;9.4503410569031967014552719774655997753143310546875
845;9.454071945982807534392122761346399784088134765625
846;9.4577998927201090140215455903671681880950927734375
847;9.4615249029093977384263780550099909305572509765625
848;9.465246982326736002733014174737036228179931640625
849;9.4689661367300264060986592085100710391998291015625
850;9.4726823718590953404827814665623009204864501953125
851;9.4763956934357675976343671209178864955902099609375
852;9.4801061071639463051496932166628539562225341796875
853;9.4838136187296893098164218827150762081146240234375
854;9.487518233801285560957694542594254016876220703125
855;9.491219958029329717419386724941432476043701171875
856;9.49491879704680030727104167453944683074951171875
857;9.498614756469134334793125162832438945770263671875
858;9.502307841894303663821119698695838451385498046875
859;9.5059980589028878483759399387054145336151123046875
860;9.5096854130581487396511874976567924022674560546875
861;9.5133699099061033166435663588345050811767578125
862;9.5170515549756000694969770847819745540618896484375
863;9.520730353778390053776092827320098876953125
864;9.5244063118091961683830959373153746128082275390625
865;9.5280794345457930916154509759508073329925537109375
866;9.5317497274490730063689625239931046962738037109375
867;9.5354171959631184307681905920617282390594482421875
868;9.53908184551527682515370543114840984344482421875
869;9.5427436815162227645714665413834154605865478515625
870;9.5464027093600396511874350835569202899932861328125
871;9.5500589344242765577064346871338784694671630859375
872;9.553712362070033492500442662276327610015869140625
873;9.557362997642012913956932607106864452362060546875
874;9.56101084646860499560716561973094940185546875
875;9.564655913861944469545051106251776218414306640625
876;9.5682982051179834570575621910393238067626953125
877;9.5719377255165607465414723264984786510467529296875
878;9.5755744803214639659927343018352985382080078125
879;9.5792084747805024136368956533260643482208251953125
880;9.5828397141255674540616382728330790996551513671875
881;9.586468203572703572490354417823255062103271484375
882;9.5900939483221776526988833211362361907958984375
883;9.5937169535585322677206931984983384609222412109375
884;9.5973372244506638395478148595429956912994384765625
885;9.6009547661518777061928631155751645565032958984375
886;9.6045695837999627286762915900908410549163818359375
887;9.60818168251724813444525352679193019866943359375
888;9.6117910674106639135061413981020450592041015625
889;9.6153977435718172017686811159364879131317138671875
890;9.6190017160770455717511140392161905765533447265625
891;9.62260298998747742871273658238351345062255859375
892;9.6262015703491083939979944261722266674041748046875
893;9.6297974621928457139574675238691270351409912109375
894;9.6333906705345828669351249118335545063018798828125
895;9.63698120037525995940086431801319122314453125
896;9.64056905670091879301253356970846652984619140625
897;9.644154244482766813462149002589285373687744140625
898;9.6477367686772392829652744694612920284271240234375
899;9.651316634226059676393560948781669139862060546875
900;9.654893846056296524693607352674007415771484375
901;9.6584684090804255873763395356945693492889404296875
902;9.66204032819639024864954990334808826446533203125
903;9.665609608287656584479918819852173328399658203125
904;9.669176254223277311439233017154037952423095703125
905;9.6727402708579433010527282021939754486083984375
906;9.6763016630320493050021468661725521087646484375
907;9.6798604355717490221877596923150122165679931640625
908;9.683416593289006613076708163134753704071044921875
909;9.686970140981667753976580570451915264129638671875
910;9.6905210834335004932427182211540639400482177734375
911;9.69406942541426275283811264671385288238525390625
912;9.697615171679757395395427010953426361083984375
913;9.7011583269718837385653387173078954219818115234375
914;9.7046988960186961747922396170906722545623779296875
915;9.70823688353446101473309681750833988189697265625
916;9.7117722942197115543194740894250571727752685546875
917;9.715305132761297812749035074375569820404052734375
918;9.7188354038324487049749222933314740657806396484375
919;9.7223631120928217796972603537142276763916015625
920;9.725888262188558286425177357159554958343505859375
921;9.72941085875233824253882630728185176849365234375
922;9.73293090640343194763772771693766117095947265625
923;9.7364484097477532742459516157396137714385986328125
924;9.7399633733779182875878177583217620849609375
925;9.7434758018732878781520412303507328033447265625
926;9.7469856998000299341811114572919905185699462890625
927;9.750493071711165526949116610921919345855712890625
928;9.7539979221466257541806044173426926136016845703125
929;9.75750025563329614897156716324388980865478515625
930;9.761000076685075299565141904167830944061279296875
931;9.764497389802922810986274271272122859954833984375
932;9.7679921994749125957469004788435995578765869140625
933;9.7714845101762790591237717308104038238525390625
934;9.774974326369470389863636228255927562713623046875
935;9.7784616525042000745315817766822874546051025390625
936;9.7819464930174948591456995927728712558746337890625
937;9.7854288523337462635254269116558134555816650390625
938;9.7889087348647532138556925929151475429534912109375
939;9.7923861450097842151762961293570697307586669921875
940;9.7958610871556128785186956520192325115203857421875
941;9.7993335656765765406817081384360790252685546875
942;9.8028035849346171204388156183995306491851806640625
943;9.8062711492793344092433471814729273319244384765625
944;9.8097362630480322565063033835031092166900634765625
945;9.81319893056576830758785945363342761993408203125
946;9.8166591561453966363615109003148972988128662109375
947;9.8201169440876210359192555188201367855072021484375
948;9.8235722986810376511357389972545206546783447265625
949;9.827025224202184716659758123569190502166748046875
950;9.830475724915583413121566991321742534637451171875
951;9.833923805073794710551737807691097259521484375
952;9.837369468917454895517948898486793041229248046875
953;9.840812720675327085473327315412461757659912109375
954;9.84425356456434741403427324257791042327880859375
955;9.8476920047896658871877662022598087787628173828125
956;9.8511280455446961212828682619147002696990966796875
957;9.8545616910111579755948696401901543140411376953125
958;9.8579929453591237376031131134368479251861572265625
959;9.86142181274706075555513962171971797943115234375
960;9.8648482973218794001013520755805075168609619140625
961;9.8682724032189721441454821615479886531829833984375
962;9.8716941345622633008360935491509735584259033203125
963;9.8751134954642463270602092961780726909637451171875
964;9.878530490026033561434815055690705776214599609375
965;9.88194512233739175144364708103239536285400390625
966;9.8853573964767971204992136335931718349456787109375
967;9.8887673165114637896522253868170082569122314453125
968;9.8921748864974006210104562342166900634765625
969;9.895580110479439639448173693381249904632568359375
970;9.8989829924912928760249997139908373355865478515625
971;9.902383536555579013338501681573688983917236328125
972;9.90578174668387845258621382527053356170654296875
973;9.9091776268767706170592646230943500995635986328125
974;9.912571181123869479279164806939661502838134765625
975;9.915962413403871522632471169345080852508544921875
976;9.9193513276846001502917715697549283504486083984375
977;9.922737927923034106925115338526666164398193359375
978;9.9261222180653607694011952844448387622833251953125
979;9.92950420204700634485561749897897243499755859375
980;9.9328838837926856086824045632965862751007080078125
981;9.9362612672164356553139441530220210552215576171875
982;9.9396363562216567544282952439971268177032470703125
983;9.9430091547011567598701731185428798198699951171875
984;9.946379666537179531360379769466817378997802734375
985;9.949747895601458225200985907576978206634521484375
986;9.95311384575524726869844016619026660919189453125
987;9.95647752084935433458667830564081668853759765625
988;9.9598389247241971844459840212948620319366455078125
989;9.9631980612098249849850617465563118457794189453125
990;9.966554934125962716962021659128367900848388671875
991;9.969909547282053807748525287024676799774169921875
992;9.97326190447729032939605531282722949981689453125
993;9.9766120095006609602705793804489076137542724609375
994;9.9799598661309740776914622983895242214202880859375
995;9.9833054781369128249934874475002288818359375
996;9.9866488492770546514520901837386190891265869140625
997;9.989989983299924602988539845682680606842041015625
998;9.9933288839440219675225307582877576351165771484375
999;9.996665554937859354822649038396775722503662109375
1000;9.9999999999999982236431605997495353221893310546875
