Числа Фибоначчи - последовательность чисел, где каждое последующее число является суммой двух предшествующих.Каждый новый пароль срез последовательности Фибоначчи от минимального введенного до максимального:


1;011235813213
2;4558914423337
3;76109871597258
4;441816765109461
5;7711286574636875
6;02512139319641831
7;781151422983204013
8;4626921783093524578
9;570288792274
10;6514930352241
11;57817390881696
12;324598610233415
13;5165580141267914
14;29643349443770140
15;873311349031701836
16;3119032971215073480
17;752697677787
18;4204912586269
19;02520365011074
20;329512800995331
21;6291173862675712
22;72139583862445225
23;851433717365435296
24;1625912867298799567
25;220260411548
26;0087559202504
27;73078196140527
28;395378816557470
29;3198421061020985
30;77231716768017756
31;527777890035288449
32;4557021285372723460
33;248141117669
34;0304609941903
35;92490709135308
36;061521170129498
37;4540118792648065
38;15533049393130496
39;954492865721114850
40;7797805034164546229
41;067075527939
42;7008847578944
43;39432379146414
44;472334024676221
45;2341672834846768
46;53788906237314390
47;661305790721611591
48;9919485309475549716
49;050064381636
50;7088259695496
51;91112258542019
52;614072748967367
53;9891637638612258
54;11000877783661019
55;311779979416004714
56;1892880067194370816
57;120466004661
58;0375530309754
59;01138047463464
60;291220016041512
61;1876738197402742
62;19868223167319404
63;346349900999055168
64;0708854858323072836
65;211434898484
66;2297713530185
67;23447067460492
68;189229958345551
69;6902635422484817
70;92619150755731478
71;440138170841019273
72;7269219307899917615
73;005205362068
74;9608327724278
75;93228399975082
76;453392841376460
77;6871165730635630
78;69930068462481831
79;028472075761371741
80;3913166410277506205
81;636620962692
82;5748508234281
83;07600943566776
84;258854844738105
85;7049252476708912
86;58141141140593010
87;259439705522191845
88;5182579303309636633
89;329861112681
90;8977066918552
91;48316295261201
92;016328488578177
93;4079430987230203
94;43712649370320429
95;973934883222046711
96;1114739846236917593
97;311648143516
98;9820171800815
99;35835925499096
100;664087184086700
101;0739850794865805
102;19211402836665349
103;891529892376122698
104;3740520068639569756
105;823672674070
106;5505779255899
107;44359425114757
108;512643212875125
109;9615185546301842
110;24687745681555769
111;702205310656816496
112;9325172882568354948
113;815042426140
114;7305795904080
115;55383207395465
116;903462158763004
117;1982498215106634
118;04174917105958145
119;721691725375039079
120;3406377970703842791
121;715456571051
122;2336116425534
123;51709049565039
124;187140871293773
125;0880595222144310
126;50203554901182589
127;644787183497642906
128;8427191347024000932
129;780814494239
130;1730960598847
131;96511305787849
132;234450095301248
133;0583911393279162
134;61810559000960235
135;041972064086051311
136;5120134408189533653
137;432486621220
138;7101440105399
139;53374073347134
140;335830278418729
141;4870275058337555
142;56540422429269440
143;401579180889892370
144;7008479989274290850
145;145145448911
146;1232772683678
147;30664195323534
148;128182412526729
149;5259749209838079
150;01929474025356630
151;904134051616131474
152;7715278029583501626
153;149996921667
154;7189303386214
155;40576020016130
156;531424904581415
157;7979073863492609
158;97481020938848020
159;123131465494223027
160;9526998466217810220
161;532898683300
162;2762909235101
163;98225336794471
164;105603071560908
165;1723763275421234
166;51788903347851831
167;682574552878917922
168;8945064194127398549
169;508804210413
170;7468340976726
171;45715375254332
172;999592975779161
173;8667731139247631
174;37210006612261325
175;953941882930001747
176;0209599519839242140
177;619194322478
178;0607419606132
179;10056809456107
180;725247980776292
181;0565193981023518
182;02715749578685048
183;811784040378329741
184;3488274376762678017
185;313598018856
186;4921620402395
187;54477268290220
188;020566894662969
189;2298332210404846
190;33560007554595845
191;896322287658131675
192;3576021322354247558
193;862061986853
194;6521693202207
195;78138321484942
196;907526668196915
197;0804340016807970
198;73563527395204718
199;524400654779819118
200;5585064349218729154
201;394810887814
202;9991563206996
203;23170776339638
204;817435613190341
205;9057639723895054
206;93103362832342818
207;949822646359556028
208;1832167244575904137
209;984013222756
210;7949787325270
211;60740824695693
212;383586911635100
213;6915743785198415
214;10949178490918731
215;459856482708459392
216;3980518516849609894
217;969925639114
218;6311376549146
219;76953405286264
220;297821211854770
221;7689471986212190
222;13852139970776030
223;010821454963453907
224;5306671478294898814
225;855852914443
226;5440119720805
227;66922919764178
228;569350599398894
229;0272514728170586
230;87522127127879743
231;834334146972278486
232;2878851632056972303
233;432332281742
234;2375130334657
235;26853328251100
236;870675623211960
237;2978963445784853
238;85223404303007904
239;954197810929810305
240;3387134745051736835
241;281661581088
242;2615488381140
243;98697909476691
244;433120355919755
245;9651891422812172
246;41465037496128651
247;402858212007295369
248;1087032412706639440
249;686994833808
250;5262095972304
251;27387774413556
252;933839769202053
253;3504966339130629
254;04507750100253925
255;258290597131563569
256;5580168194910579363
257;790217849593
258;2172529908688
259;64586456855893
260;891827436786529
261;3040934782466626
262;84059616875297296
263;152824614766233869
264;3530854862817581421
265;557052068990
266;7710716865181
267;97123268779268
268;951286667351452
269;2417340252117279
270;78131596850372843
271;719420443012805711
272;7299251014003761193
273;241303867718
274;9525453973694
275;16530795319729
276;696969741061923
277;3826734544867157
278;81809323490890211
279;044929642335111885
280;1856132312604643220
281;587180785991
282;5657177192306
283;34284809441396
284;671147739183092
285;1208052831115819
286;89804070186099320
287;645726169127737705
288;5034645418285014325
289;766435419644
290;4783398182338
291;14622740808908
292;451186575606537
293;0647467555938131
294;80872826374098837
295;632191485015125807
296;3741712132710023446
297;318334949794
298;7550385773274
299;93010934507973
300;060837282187130
301;1390354008990823
302;04280558350732953
303;004655366280865857
304;8667235723438990343
305;046356137747
306;7237582256211
307;87571439538669
308;146178119651438
309;2132603863122069
310;74243796773058236
311;521166007575960984
312;1445378281618152363
313;117273826992
314;8565901417424
315;45308500351360
316;590330847856192
317;2045166659013522
318;86753878632978742
319;693965121001919737
320;3256043094732062378
321;984339333024
322;8129716211401
323;88992194444701
324;881625761731807
325;5718778092623059
326;92631779875417508
327;786366016574087435
328;9106424420011530999
329;319887696948
330;9421897548446
331;23691568672600
332;416277919530520
333;5735308206328932
334;05960211111146015
335;693778515192902684
336;2503960837766832936
337;179787201985
338;6557710498108
339;41955860241270
340;874289572909018
341;0355503362256910
342;11103808998496485
343;426189347068900554
344;0689393618911952336
345;760090919416
346;9085076159080
347;90957230161880
348;130627176599405
349;6795952743123227
350;98146364124098069
351;250150544200314873
352;7643593199387062373
353;213542599493
354;8077772079972
355;05533596336322
356;615043836854783
357;5801863092826500
358;00354271239929522
359;002106210068326179
360;6801170598579975598
361;048362658446
362;1715004692310
363;97598664263425
364;079979140760761
365;9413666192562569
366;91435939546543402
367;365995473880912459
368;2211236406303914545
369;699412969744
370;8739933879569
371;88653357785566
372;256090598163895
373;9513147239988861
374;83790111257890920
375;688648205273383724
376;8289211398224979488
377;976593669477
378;3142572650897
379;73319960393539
380;711116327908771
381;5156039800290547
382;03631570447893146
383;795336142768064224
384;5229875317162735452
385;930364749708
386;2192447306047
387;15193967902733
388;200682058160874
389;0953902289877834
390;48815216164202014
391;863723094126901777
392;4288731118023075486
393;236801038810
394;4219572991470
395;85105183827754
396;016801420367758
397;4116808305705945
398;30088354122958116
399;485134824495853995
400;2127196409925518292
401;354392281419
402;4423915162591
403;62217536244004
404;715631463593237
405;9335110006072428
406;64504120757488371
407;201125556981885592
408;3257924200496343807
409;632829750245
410;1152058411884
411;45478830259303
412;420656877245267
413;4037325128186406
414;96674542736442258
415;509584070651162603
416;0686707537330161280
417;793387284325
418;2844399261363
419;38887129809044
420;005014880197746
421;7930020767542949
422;51020699004973287
423;771475874789632582
424;6131730509282738943
425;634332893686
426;2686758763751
427;27765235729247
428;325860370338946
429;5503189865955644
430;73522492067284939
431;905646309531977283
432;8289364792345825123
433;228624334493
434;7297198119568
435;13568067329443
436;966910053815705
437;8087354122222371
438;03765877667657957
439;123376148335120669
440;3809497875715953430
441;188544580333
442;8630417815817
443;43565882643903
444;701416938177140
445;5651323470996587
446;54119196577077949
447;581998672292654130
448;5707536769274335217
449;959007783206
450;4383222590237
451;37095923077113
452;188092745331805
453;5001997489772178
454;18079010460022464
455;382820724862019667
456;0234592075321836561
457;403380341971
458;1838745993391
459;29547649988289
460;594072811608739
461;5841704451571408
462;51842754637816784
463;665852418614813344
464;5300987550786254259
465;239302688550
466;7715496646813
467;78022094505404
468;057172123141140
469;0091145443188588
470;33433053379663690
471;784993415592720176
472;6565933044813173935
473;988399521517
474;4659002355338
475;21309932481077
476;059421593574927
477;9482183257489712
478;95910205272369026
479;526517427187520417
480;0666730810232096414
481;595491256061
482;0582125851328
483;19778173635281
484;595256320646713
485;1172508227658829
486;51152377845624969
487;256769882625644229
488;6767726320573532649
489;353327822917
490;3822750993122
491;69857820743614
492;390380456558092
493;3764844306069119
494;44772024989258120
495;385166582067643662
496;2934188700177088360
497;193270471243
498;0152797820591
499;01964580241188
500;515112465021394
501;4293127181914929
502;07860985910767785
503;256677811449301165
504;1984827895059886627
505;359231407679
506;6986974983691
507;89999644136302
508;198772188187068
509;5422883100175388
510;06375350935968114
511;137147954183600071
512;3246955169647541425
513;218505072849
514;3051581137812
515;84256382372252
516;143402371193585
517;1442757311448200
518;24112622791843221
519;056597232346809788
520;8158339286797581652
521;104954628434
522;1699716466948
523;34457561150025
524;935192443107331
525;2796924978741056
526;96181486775143168
527;990795981475102637
528;1787089444902993336
529;949113178651
530;4446266146146
531;91098406862188
532;148944207245954
533;9121105480936013
534;82197697835237706
535;965543724518668151
536;0169498484548003922
537;538789664396
538;3981384617949
539;61234640015759
540;308940939757590
541;5873189892788416
542;61816622324915156
543;070918825744106359
544;2460307062654437717
545;548562579710
546;0694286476841
547;73189833371957
548;686436066121386
549;3366454327287613
550;16292677799244882
551;378090813021278896
552;3731840407743629812
553;913410263621
554;0644692905556
555;79241849789653
556;324393054271110
557;0841402010234265
558;47842461739379460
559;149980002442288124
560;8946788537139531144
561;336901689069
562;3102993513939
563;18297920956125
564;179489499637980
565;9331545611167167
566;49392769314599541
567;809794537900642843
568;6288175120464298891
569;806885656323
570;7992497389336
571;39586633513160
572;792578781310139
573;7453452923602405
574;71656856433847544
575;938117141380363620
576;7598822186175234473
577;048806204036
578;7814077409088
579;96780492696442
580;878638013232592
581;0579765409046775
582;69363784158845383
583;489763407680649939
584;7895451209581312384
585;578529797304
586;1924932936273
587;16781267732493
588;780359086838016
589;3922003866899755
590;42405709091781656
591;657576085005587743
592;3804135011220532423
593;247527351544
594;7634024717929
595;82538876233052
596;554697128188128
597;5975246191652490
598;57853343116499586
599;482964847336113290
600;3516953824080284885
601;164052257330
602;0977141217516
603;30835360966663
604;883732297726369
605;3991373470805771
606;63115432025771710
607;279131845700275212
608;7674672646102012222
609;322446294204
610;4552973989346
611;19099672066669
612;390964997649909
613;7960035957932520
614;65835609617656651
615;721890990523672143
616;0926723225558980158
617;181156983600
618;4006491505558
619;63409906625903
620;415340576699724
621;6569401941390895
622;04258756745327122
623;380628816531140136
624;7715034229502159202
625;152320246487
626;8591573944776
627;78244038723157
628;043552112080122
629;6748728603246459
630;33599211791413980
631;480062466753968818
632;3688883583545625088
633;780539877958
634;2479977071534
635;28247886870626
636;284522724099566
637;3668299961640864
638;52389184720949856
639;740872794933738025
640;3341092987924721392
641;505042131044
642;0185009520720
643;57208369758362
644;080065378638170
645;8749108822250120
646;62116892574194241
647;670428824570378554
648;5386791204910075415
649;809615006248
650;3427332759203
651;76239100090826
652;796217533933290
653;6872716290689783
654;75074545544225333
655;398004061429732838
656;3407298780120273637
657;238322707452
658;5137028971558
659;09260176645243
660;064110630290521
661;7344934236440122
662;96052900211574411
663;578342599977051386
664;0373944643635095356
665;961600163955
666;2312742534860
667;33187341518601
668;536966291015050
669;9465403127018958
670;36604078191803255
671;601777303124944601
672;3074801513889955901
673;754080588574
674;3676803342307
675;75090878104904
676;664632028444464
677;4240404653671572
678;07607532733721116
679;148807646895877935
680;9140780415192659379
681;304212689112
682;8819610710140
683;14503795827377
684;739712840578710
685;0699637303619708
686;86636068495803639
687;835122566528390384
688;6698420776492788111
689;482996299901
690;3079049797839
691;99746936524016
692;907973122443813
693;3617071498181446
694;72666187219454104
695;827980338677164658
696;3436363507113655439
697;356428629292
698;9722961773502
699;44602806380313
700;370817060034433
701;6629557468801063
702;57844743764496236
703;456969870763436065
704;2047981718378070013
705;667111142404
706;2000707673061
707;72585419199433
708;104407409654187
709;9877841250367662
710;28572304148358552
711;416826222090648964
712;2018075101617466780
713;496790573690
714;2899683728190
715;35926008988794
716;794484095853285
717;1584258288557927
718;52030773669128256
719;032338717812506714
720;1700354899227346590
721;944200352359
722;7719936510572
723;02793976052907
724;707259660211798
725;0330881267510678
726;67832379390471967
727;284241156181579286
728;7794885103316288015
729;820804002169
730;7730983590298
731;81919037948131
732;841125553396871
733;9576999184059961
734;51685269680451776
735;682823786638710790
736;5434029413462646668
737;428032346940
738;1197248927185
739;02248750418536
740;685577487386752
741;4406689966153880
742;05031531000081241
743;745415306766517246
744;7745519645952921864
745;691082459262
746;0564330638779
747;40200966638133
748;809015267665311
749;2375420826789389
750;09175145587744443
751;809540894028220838
752;3549115781784912085
753;789506677971
754;1253782833915
755;13950087115928
756;688048317502168
757;2924797052577397
758;02704876065006428
759;745853710169453092
760;5469582076538340523
761;204057883748
762;9482816555438
763;62118966574192
764;861564461804139
765;8270124855842691
766;49653758900668798
767;436041992712539521
768;2004657173391489668
769;678522013941
770;8321470059547
771;27556362660159
772;637892443617194
773;2394332983767008
774;26612232625002590
775;619713306176232425
776;0376383716369756931
777;428600503229
778;1597513397452
779;76442091208977
780;285345179605163
781;9234750561411865
782;08525438330668298
783;340009685389423502
784;7094861596280284766
785;768731221983
786;8755822811443
787;36295989585340
788;713815384441479
789;9259013079824528
790;31610787275979941
791;133133688169362819
792;4193416823543267917
793;508745172707
794;8530049929809
795;94958186962154
796;148325056588090
797;0468239616971123
798;32308004185787677
799;533309088867717986
800;3734854852067502162
801;842402407852
802;4038024981674
803;93584955305383
804;020698626761733
805;3563963353180680
806;43742870647469374
807;925821247535442832
808;0807161115873039415
809;970912511873
810;8557020658527
811;30553217787283
812;194150290277873
813;8609913228593070
814;33303147647522703
815;638250328143702791
816;1536541406625644706
817;194668152438
818;7323464492732
819;38898710089208
820;456913416758112
821;9323824600775934
822;98406852914376159
823;165348257638654623
824;2792846707241560460
825;904086036600
826;7401579690263
827;19729620032399
828;993184962544494
829;2882055164154977
830;21901701841906081
831;775146743317264399
832;6191565341442510119
833;911756749018
834;7139653767992
835;11044556615579
836;094364594923736
837;1622396533462741
838;63743611855695703
839;555151489893812287
840;4722375660903892665
841;017612415530
842;6760699264942
843;72942318589069
844;480525788592273
845;3038393357034035
846;21573912286394960
847;106973428686341278
848;8815942499567477797
849;350205106309
850;2312442448224
851;08841055026686
852;767269362907070
853;2067484944762005
854;66565775354902428
855;015845969798000696
856;9452269746451122315
857;411980949079
858;1947187534453
859;92774059655203
860;282884180220891
861;0749549384231718
862;15944482683016564
863;139480759111050527
864;6086794834413438782
865;008980444072
866;0816962293825
867;98946639656433
868;341995125564433
869;0166833468672422
870;80584217891193621
871;465927947542043773
872;4698220747368027166
873;749382927701
874;4170165571936
875;62268716376935
876;476241769246427
877;2010947850807879
878;78422393713094534
879;885688979999504447
880;6283131501355201244
881;666864935793
882;0058281560055
883;89143096022236
884;302705537193166
885;7163446900856117
886;61201391329213688
887;779090894398401153
888;6809116771188394517
889;192671163973
890;0032357472813
891;25858015707268
892;079673709998960
893;0679905139007491
894;10005438583788031
895;769332135904252724
896;9344920956858764604
897;397361221671
898;4255778679494
899;57157850904429
900;069655710632385
901;3107360628224938
902;43831439632128966
903;193947861705946259
904;6434692460838987846
905;536513803567
906;0554918179720
907;29187936825113
908;333650564850089
909;1975428559688990
910;86435571688223346
911;406617740673564123
912;3190003800995304535
913;102068382350
914;7202893507476
915;31403705336138
916;207717265885328
917;4415198368631232
918;86695915870773021
919;050058862406562749
920;6087415847284837903
921;995268485385
922;1736901133239
923;74126689145684
924;455726175591403
925;9063645794946110
926;56096305838013295
927;371573764256526437
928;1827622298656073206
929;183206018132
930;5453515308390
931;44753457906981
932;492233106653897
933;6617844965368671
934;01645823742346408
935;769003292476949605
936;7165162871144459488
937;442964629261
938;5632415916575
939;77190299255524
940;269015486440077
941;8865046997419409
942;59381819509503605
943;879408206960328593
944;6485366789883567055
945;193648473825
946;6186490481210
947;38413079524682
948;351409714485519
949;8617083883593451
950;26257210057104925
951;269066564646753063
952;2231274619718410203
953;796555123147
954;6448737261350
955;09824265250169
956;772651628429551
957;5651670644354144
958;40076161351104064
959;300935326208548013
960;6081475307274697920
961;694994198318
962;2302875628764
963;11917181730759
964;576615699813581
965;1615145905740557
966;44447057232342374
967;988339735199829085
968;1993343081863640916
969;635139789709
970;5281987215864
971;71916849301841
972;794820162763956
973;1167263910524812
974;62321753233495337
975;087104278929564211
976;1636390653418416980
977;850249915594
978;5811590386789
979;44868584489700
980;931605805709880
981;1722851882807558
982;36025964628665263
983;112062537981439270
984;7110075981305046531
985;451613777312
986;8706304644662
987;37021013443716
988;776226800834957
989;1826060159693443
990;02751396920321847
991;653300991492925418
992;2062360990658330253
993;800708875532
994;6533087070104
995;11580186223483
996;798542642969779
997;7570080576446233
998;50300078764807923
999;712509139103039448
