¬ычисление квадратного корн€ от номера парол€.


3;1.73205080756887719317660412343684583902359008789062500000000000
4;2.00000000000000000000000000000000000000000000000000000000000000
5;2.23606797749978980505147774238139390945434570312500000000000000
6;2.44948974278317788133563226438127458095550537109375000000000000
7;2.64575131106459071617109657381661236286163330078125000000000000
8;2.82842712474619029094924371747765690088272094726562500000000000
9;3.00000000000000000000000000000000000000000000000000000000000000
10;3.16227766016837952278706325159873813390731811523437500000000000
11;3.31662479035539980998237297171726822853088378906250000000000000
12;3.46410161513775438635320824687369167804718017578125000000000000
13;3.60555127546398912485869914235081523656845092773437500000000000
14;3.74165738677394132949416416522581130266189575195312500000000000
15;3.87298334620741702138957407441921532154083251953125000000000000
16;4.00000000000000000000000000000000000000000000000000000000000000
17;4.12310562561766058564671766362152993679046630859375000000000000
18;4.24264068711928477029005080112256109714508056640625000000000000
19;4.35889894354067397586049992241896688938140869140625000000000000
20;4.47213595499957961010295548476278781890869140625000000000000000
21;4.58257569495583982899233888019807636737823486328125000000000000
22;4.69041575982342973105687633506022393703460693359375000000000000
23;4.79583152331271911350540904095396399497985839843750000000000000
24;4.89897948556635576267126452876254916191101074218750000000000000
25;5.00000000000000000000000000000000000000000000000000000000000000
26;5.09901951359278449160683521768078207969665527343750000000000000
27;5.19615242270663202361902222037315368652343750000000000000000000
28;5.29150262212918143234219314763322472572326660156250000000000000
29;5.38516480713450373940531790140084922313690185546875000000000000
30;5.47722557505166118829720289795659482479095458984375000000000000
31;5.56776436283002151839127691346220672130584716796875000000000000
32;5.65685424949238058189848743495531380176544189453125000000000000
33;5.74456264653802861630538245663046836853027343750000000000000000
34;5.83095189484530074253143538953736424446105957031250000000000000
35;5.91607978309961612950473863747902214527130126953125000000000000
36;6.00000000000000000000000000000000000000000000000000000000000000
37;6.08276253029821933893117602565325796604156494140625000000000000
38;6.16441400296897601407408728846348822116851806640625000000000000
39;6.24499799839839830895016348222270607948303222656250000000000000
40;6.32455532033675904557412650319747626781463623046875000000000000
41;6.40312423743284853117074817419052124023437500000000000000000000
42;6.48074069840786037843827216420322656631469726562500000000000000
43;6.55743852430200035996676888316869735717773437500000000000000000
44;6.63324958071079961996474594343453645706176757812500000000000000
45;6.70820393249936941515443322714418172836303710937500000000000000
